-layer m tank
c t 132,132,132
tank
  
_-view o t _zoom w 0.25,-0.25,0 -4.779,1.25,2.129 _box 0,0,0 -4.529,1,2.129 _box 0.15,-0.15,-0.15 -4.679,1.15,2.129 _subtract 0.15,-0.15,-0.15  0,0,0 
_cylinder -4.529,0.5,1.3004 0.08414 -0.15 _rotate3d -4.44486,0.5,1.3004  y -4.529,0.5,1.3004 90
_subtract 0,0,0  -4.529,0.58414,1.829 
-layer s 0
  
-layer f tank
  
-layer m slopes
c t 214,214,214
slopes
  
_zoom w -0.5,0,0 0,0.5,0
_pline 0,0 -0.5,0 0,0.5 0,0 
_extrude 0,0,0  4.529
_rotate3d 0,0,0  x 0,0,0 90
_rotate3d 0,0,0  z 0,0,0 270
_mirror3d 0,0,0  zx 0,0.5,0 n
_box -4.529,0.45555,-0.0889 0,0.54445,0.4111
-layer t tank
  
_-view o t
_subtract 0,0,0 0,1,0 0,-0.15,0  -4.529,0.45555,-0.0889 
-layer s 0
  
-layer f slopes
  
-layer m channel
c t 214,214,214
channel
  
_-view o t _zoom w -4.284,-0.3,1.829 -2.984,0.245,1.829 _box -4.284,-0.15,1.829 -2.984,0.095,2.129 _box -4.284,-0.3,1.679 -2.984,0.245,2.129 _subtract -4.284,0.245  -4.384,-0.4 -2.884,0.345 
_rotate -4.284,-0.15,1.829  -4.284,-0.15,1.829 90
_-view o t
_cylinder -4.4065,0.89603,1.829 0.08414 -0.15 _cylinder -4.4065,0.6881,1.829 0.08414 -0.15 _cylinder -4.4065,0.3119,1.829 0.08414 -0.15
_cylinder -4.4065,0.10397,1.829 0.08414 -0.15 _subtract -4.284,-0.15,1.829  -4.32236,0.98017,1.829 -4.49064,0.01983,1.829 
-layer s 0
  
-layer t tank
  
-layer t slopes
  
_union all 
-layer f channel
  
-layer m pipe
c t 0,255,255
pipe
  
_-view o t _zoom w -4.59064,0.7119,1.829 -4.22236,1.08017,1.829 _cylinder -4.4065,0.89603,1.829 0.08414 -0.8718 _cylinder -4.4065,0.89603,1.829 0.06986 -0.8718 _subtract -4.32236,0.89603,1.829  -4.33664,0.89603,1.829 
_-view o t _zoom w -4.59064,0.50397,1.829 -4.22236,0.87224,1.829 _cylinder -4.4065,0.6881,1.829 0.08414 -0.8718 _cylinder -4.4065,0.6881,1.829 0.06986 -0.8718 _subtract -4.32236,0.6881,1.829  -4.33664,0.6881,1.829 
_-view o t _zoom w -4.59064,0.12776,1.829 -4.22236,0.49603,1.829 _cylinder -4.4065,0.3119,1.829 0.08414 -0.8718 _cylinder -4.4065,0.3119,1.829 0.06986 -0.8718 _subtract -4.32236,0.3119,1.829  -4.33664,0.3119,1.829 
_-view o t _zoom w -4.59064,-0.08017,1.829 -4.22236,0.2881,1.829 _cylinder -4.4065,0.10397,1.829 0.08414 -0.8718 _cylinder -4.4065,0.10397,1.829 0.06986 -0.8718 _subtract -4.32236,0.10397,1.829  -4.33664,0.10397,1.829 
_-view o t _zoom w -4.36204,0.7119,0.7286 -3.99376,1.08017,0.7286 _cylinder -4.1779,0.89603,0.7286 0.08414 2.27973 _cylinder -4.1779,0.89603,0.7286 0.06986 2.27973 _subtract -4.09376,0.89603,0.7286  -4.10804,0.89603,0.7286 
_rotate3d -4.10804,0.89603,0.7286  y -4.1779,0.89603,0.7286 90
_rotate3d -4.1779,0.9659,0.79846  z -4.4065,0.89603,1.829 -8.31992
_-view o t _zoom w -4.36204,0.50397,0.7286 -3.99376,0.87224,0.7286 _cylinder -4.1779,0.6881,0.7286 0.08414 0.02466 _cylinder -4.1779,0.6881,0.7286 0.06986 0.02466 _subtract -4.09376,0.6881,0.7286  -4.10804,0.6881,0.7286 
_rotate3d -4.10804,0.6881,0.7286  y -4.1779,0.6881,0.7286 90
_rotate3d -4.1779,0.75797,0.79846  z -4.4065,0.6881,1.829 -24.2942
_-view o t _zoom w -4.36204,0.12776,0.7286 -3.99376,0.49603,0.7286 _cylinder -4.1779,0.3119,0.7286 0.08414 1.1188 _cylinder -4.1779,0.3119,0.7286 0.06986 1.1188 _subtract -4.09376,0.3119,0.7286  -4.10804,0.3119,0.7286 
_rotate3d -4.10804,0.3119,0.7286  y -4.1779,0.3119,0.7286 90
_rotate3d -4.1779,0.38176,0.79846  z -4.4065,0.3119,1.829 6.80686
_-view o t _zoom w -4.36204,-0.08017,0.7286 -3.99376,0.2881,0.7286 _cylinder -4.1779,0.10397,0.7286 0.08414 3.38992 _cylinder -4.1779,0.10397,0.7286 0.06986 3.38992 _subtract -4.09376,0.10397,0.7286  -4.10804,0.10397,0.7286 
_rotate3d -4.10804,0.10397,0.7286  y -4.1779,0.10397,0.7286 90
_rotate3d -4.1779,0.17383,0.79846  z -4.4065,0.10397,1.829 5.88775
_-view o t _zoom w -4.14701,0.31586,0.23495 -3.77874,0.68414,0.23495 _cylinder -3.96288,0.5,0.23495 0.08414 0.26505 _cylinder -3.96288,0.5,0.23495 0.06986 0.26505 _subtract -3.87874,0.5,0.23495  -3.89301,0.5,0.23495 
_-view o t _zoom w -3.01476,0.31586,0.23495 -2.64649,0.68414,0.23495 _cylinder -2.83063,0.5,0.23495 0.08414 0.26505 _cylinder -2.83063,0.5,0.23495 0.06986 0.26505 _subtract -2.74649,0.5,0.23495  -2.76076,0.5,0.23495 
_-view o t _zoom w -1.88251,0.31586,0.23495 -1.51424,0.68414,0.23495 _cylinder -1.69838,0.5,0.23495 0.08414 0.26505 _cylinder -1.69838,0.5,0.23495 0.06986 0.26505 _subtract -1.61424,0.5,0.23495  -1.62851,0.5,0.23495 
_-view o t _zoom w -0.75026,0.31586,0.23495 -0.38199,0.68414,0.23495 _cylinder -0.56613,0.5,0.23495 0.08414 0.26505 _cylinder -0.56613,0.5,0.23495 0.06986 0.26505 _subtract -0.48199,0.5,0.23495  -0.49626,0.5,0.23495 
_-view o t _zoom w -4.08954,0.31586,1.529 -3.72126,0.68414,1.529 _cylinder -3.9054,0.5,1.529 0.08414 0.1464 _cylinder -3.9054,0.5,1.529 0.06986 0.1464 _subtract -3.82126,0.5,1.529  -3.83554,0.5,1.529 
_-view o t _zoom w -4.71314,0.31586,1.3004 -4.34486,0.68414,1.3004 _cylinder -4.529,0.5,1.3004 0.08414 0.395 _cylinder -4.529,0.5,1.3004 0.06986 0.395 _subtract -4.44486,0.5,1.3004  -4.45914,0.5,1.3004 
_rotate3d -4.45914,0.5,1.3004  y -4.529,0.5,1.3004 90
-layer s 0
  
-layer f pipe
  
