-layer m floctank
c t 91,91,91
floctank
  
_-view o t _zoom w 0.16,3.29,0 -4.6895,4.76,2.129 _box 0,3.45,0 -4.5295,4.6,2.129 _box 0.15,3.3,-0.15 -4.6795,4.75,2.129 _subtract 0.15,3.3,-0.15  0,3.45,0 
_box -4.6795,3.95,0 0.15,4.1,2.129
_box -0.379,3.95,0 0,4.1,0.75
_subtract 0.15,3.95,0  -0.379,3.95,0 
_union -4.6895,3.29,0 0.16,4.76,0 
_box -4.5295,3.3,1.829 -4.2845,3.45,2.129
_subtract 0,3.45,0  -4.5295,3.3,1.829 
_union all 
-layer s 0
  
-layer f floctank 
  
-layer m baffle
c t 125,0,160
baffle
  
_zoom w -4.81,4.1,0 -3.79,5.947,0 spline
-4.3,4.1,0
-4.2873,4.11471,0
-4.3,4.12941,0
-4.3127,4.14412,0
-4.3,4.15882,0
-4.2873,4.17353,0
-4.3,4.18824,0
-4.3127,4.20294,0
-4.3,4.21765,0
-4.2873,4.23235,0
-4.3,4.24706,0
-4.3127,4.26176,0
-4.3,4.27647,0
-4.2873,4.29118,0
-4.3,4.30588,0
-4.3127,4.32059,0
-4.3,4.33529,0
-4.2873,4.35,0
-4.3,4.36471,0
-4.3127,4.37941,0
-4.3,4.39412,0
-4.2873,4.40882,0
-4.3,4.42353,0
-4.3127,4.43824,0
-4.3,4.45294,0
-4.2873,4.46765,0
-4.3,4.48235,0
-4.3127,4.49706,0
-4.3,4.51176,0
-4.2873,4.52647,0
-4.3,4.54118,0
-4.3127,4.55588,0
-4.3,4.57059,0
-4.2873,4.58529,0
-4.3,4.6,0
 -4.3,4,0
-4.3,4.7,0
offset
0.004
-4.3,4.1,0
-4.296,4.1,0
 line -4.3,4.1,0 -4.296,4.1,0 
line -4.3,4.6,0 -4.296,4.6,0 
z e region w -4.3127,4.1,0 -4.2833,4.6,0 
extrude -4.3,4.1,0  1.837 0
0
-array -4.3,4.1,0  R 1 1 


 z e
_zoom w -4.662,4.1,0.192 -3.642,6.11,0.192 spline
-4.152,4.1,0.192
-4.1393,4.11471,0.192
-4.152,4.12941,0.192
-4.1647,4.14412,0.192
-4.152,4.15882,0.192
-4.1393,4.17353,0.192
-4.152,4.18824,0.192
-4.1647,4.20294,0.192
-4.152,4.21765,0.192
-4.1393,4.23235,0.192
-4.152,4.24706,0.192
-4.1647,4.26176,0.192
-4.152,4.27647,0.192
-4.1393,4.29118,0.192
-4.152,4.30588,0.192
-4.1647,4.32059,0.192
-4.152,4.33529,0.192
-4.1393,4.35,0.192
-4.152,4.36471,0.192
-4.1647,4.37941,0.192
-4.152,4.39412,0.192
-4.1393,4.40882,0.192
-4.152,4.42353,0.192
-4.1647,4.43824,0.192
-4.152,4.45294,0.192
-4.1393,4.46765,0.192
-4.152,4.48235,0.192
-4.1647,4.49706,0.192
-4.152,4.51176,0.192
-4.1393,4.52647,0.192
-4.152,4.54118,0.192
-4.1647,4.55588,0.192
-4.152,4.57059,0.192
-4.1393,4.58529,0.192
-4.152,4.6,0.192
 -4.152,4,0.192
-4.152,4.7,0.192
offset
0.004
-4.152,4.1,0.192
-4.148,4.1,0.192
 line -4.152,4.1,0.192 -4.148,4.1,0.192 
line -4.152,4.6,0.192 -4.148,4.6,0.192 
z e region w -4.1647,4.1,0.192 -4.1353,4.6,0.192 
extrude -4.152,4.1,0.192  2 0
0
-array -4.152,4.1,0.192  R 1 1 


 z e
_zoom w -4.514,4.1,0 -3.494,5.947,0 spline
-4.004,4.1,0
-3.9913,4.11471,0
-4.004,4.12941,0
-4.0167,4.14412,0
-4.004,4.15882,0
-3.9913,4.17353,0
-4.004,4.18824,0
-4.0167,4.20294,0
-4.004,4.21765,0
-3.9913,4.23235,0
-4.004,4.24706,0
-4.0167,4.26176,0
-4.004,4.27647,0
-3.9913,4.29118,0
-4.004,4.30588,0
-4.0167,4.32059,0
-4.004,4.33529,0
-3.9913,4.35,0
-4.004,4.36471,0
-4.0167,4.37941,0
-4.004,4.39412,0
-3.9913,4.40882,0
-4.004,4.42353,0
-4.0167,4.43824,0
-4.004,4.45294,0
-3.9913,4.46765,0
-4.004,4.48235,0
-4.0167,4.49706,0
-4.004,4.51176,0
-3.9913,4.52647,0
-4.004,4.54118,0
-4.0167,4.55588,0
-4.004,4.57059,0
-3.9913,4.58529,0
-4.004,4.6,0
 -4.004,4,0
-4.004,4.7,0
offset
0.004
-4.004,4.1,0
-4,4.1,0
 line -4.004,4.1,0 -4,4.1,0 
line -4.004,4.6,0 -4,4.6,0 
z e region w -4.0167,4.1,0 -3.9873,4.6,0 
extrude -4.004,4.1,0  1.837 0
0
-array -4.004,4.1,0  R 1 1 


 z e
_zoom w -4.366,4.1,0.192 -3.346,6.11,0.192 spline
-3.856,4.1,0.192
-3.8433,4.11471,0.192
-3.856,4.12941,0.192
-3.8687,4.14412,0.192
-3.856,4.15882,0.192
-3.8433,4.17353,0.192
-3.856,4.18824,0.192
-3.8687,4.20294,0.192
-3.856,4.21765,0.192
-3.8433,4.23235,0.192
-3.856,4.24706,0.192
-3.8687,4.26176,0.192
-3.856,4.27647,0.192
-3.8433,4.29118,0.192
-3.856,4.30588,0.192
-3.8687,4.32059,0.192
-3.856,4.33529,0.192
-3.8433,4.35,0.192
-3.856,4.36471,0.192
-3.8687,4.37941,0.192
-3.856,4.39412,0.192
-3.8433,4.40882,0.192
-3.856,4.42353,0.192
-3.8687,4.43824,0.192
-3.856,4.45294,0.192
-3.8433,4.46765,0.192
-3.856,4.48235,0.192
-3.8687,4.49706,0.192
-3.856,4.51176,0.192
-3.8433,4.52647,0.192
-3.856,4.54118,0.192
-3.8687,4.55588,0.192
-3.856,4.57059,0.192
-3.8433,4.58529,0.192
-3.856,4.6,0.192
 -3.856,4,0.192
-3.856,4.7,0.192
offset
0.004
-3.856,4.1,0.192
-3.852,4.1,0.192
 line -3.856,4.1,0.192 -3.852,4.1,0.192 
line -3.856,4.6,0.192 -3.852,4.6,0.192 
z e region w -3.8687,4.1,0.192 -3.8393,4.6,0.192 
extrude -3.856,4.1,0.192  2 0
0
-array -3.856,4.1,0.192  R 1 1 


 z e
_zoom w -4.217,4.1,0 -3.197,5.947,0 spline
-3.707,4.1,0
-3.6943,4.11471,0
-3.707,4.12941,0
-3.7197,4.14412,0
-3.707,4.15882,0
-3.6943,4.17353,0
-3.707,4.18824,0
-3.7197,4.20294,0
-3.707,4.21765,0
-3.6943,4.23235,0
-3.707,4.24706,0
-3.7197,4.26176,0
-3.707,4.27647,0
-3.6943,4.29118,0
-3.707,4.30588,0
-3.7197,4.32059,0
-3.707,4.33529,0
-3.6943,4.35,0
-3.707,4.36471,0
-3.7197,4.37941,0
-3.707,4.39412,0
-3.6943,4.40882,0
-3.707,4.42353,0
-3.7197,4.43824,0
-3.707,4.45294,0
-3.6943,4.46765,0
-3.707,4.48235,0
-3.7197,4.49706,0
-3.707,4.51176,0
-3.6943,4.52647,0
-3.707,4.54118,0
-3.7197,4.55588,0
-3.707,4.57059,0
-3.6943,4.58529,0
-3.707,4.6,0
 -3.707,4,0
-3.707,4.7,0
offset
0.004
-3.707,4.1,0
-3.703,4.1,0
 line -3.707,4.1,0 -3.703,4.1,0 
line -3.707,4.6,0 -3.703,4.6,0 
z e region w -3.7197,4.1,0 -3.6903,4.6,0 
extrude -3.707,4.1,0  1.837 0
0
-array -3.707,4.1,0  R 1 1 


 z e
_zoom w -4.069,4.1,0.192 -3.049,6.11,0.192 spline
-3.559,4.1,0.192
-3.5463,4.11471,0.192
-3.559,4.12941,0.192
-3.5717,4.14412,0.192
-3.559,4.15882,0.192
-3.5463,4.17353,0.192
-3.559,4.18824,0.192
-3.5717,4.20294,0.192
-3.559,4.21765,0.192
-3.5463,4.23235,0.192
-3.559,4.24706,0.192
-3.5717,4.26176,0.192
-3.559,4.27647,0.192
-3.5463,4.29118,0.192
-3.559,4.30588,0.192
-3.5717,4.32059,0.192
-3.559,4.33529,0.192
-3.5463,4.35,0.192
-3.559,4.36471,0.192
-3.5717,4.37941,0.192
-3.559,4.39412,0.192
-3.5463,4.40882,0.192
-3.559,4.42353,0.192
-3.5717,4.43824,0.192
-3.559,4.45294,0.192
-3.5463,4.46765,0.192
-3.559,4.48235,0.192
-3.5717,4.49706,0.192
-3.559,4.51176,0.192
-3.5463,4.52647,0.192
-3.559,4.54118,0.192
-3.5717,4.55588,0.192
-3.559,4.57059,0.192
-3.5463,4.58529,0.192
-3.559,4.6,0.192
 -3.559,4,0.192
-3.559,4.7,0.192
offset
0.004
-3.559,4.1,0.192
-3.555,4.1,0.192
 line -3.559,4.1,0.192 -3.555,4.1,0.192 
line -3.559,4.6,0.192 -3.555,4.6,0.192 
z e region w -3.5717,4.1,0.192 -3.5423,4.6,0.192 
extrude -3.559,4.1,0.192  2 0
0
-array -3.559,4.1,0.192  R 1 1 


 z e
_zoom w -3.921,4.1,0 -2.901,5.947,0 spline
-3.411,4.1,0
-3.3983,4.11471,0
-3.411,4.12941,0
-3.4237,4.14412,0
-3.411,4.15882,0
-3.3983,4.17353,0
-3.411,4.18824,0
-3.4237,4.20294,0
-3.411,4.21765,0
-3.3983,4.23235,0
-3.411,4.24706,0
-3.4237,4.26176,0
-3.411,4.27647,0
-3.3983,4.29118,0
-3.411,4.30588,0
-3.4237,4.32059,0
-3.411,4.33529,0
-3.3983,4.35,0
-3.411,4.36471,0
-3.4237,4.37941,0
-3.411,4.39412,0
-3.3983,4.40882,0
-3.411,4.42353,0
-3.4237,4.43824,0
-3.411,4.45294,0
-3.3983,4.46765,0
-3.411,4.48235,0
-3.4237,4.49706,0
-3.411,4.51176,0
-3.3983,4.52647,0
-3.411,4.54118,0
-3.4237,4.55588,0
-3.411,4.57059,0
-3.3983,4.58529,0
-3.411,4.6,0
 -3.411,4,0
-3.411,4.7,0
offset
0.004
-3.411,4.1,0
-3.407,4.1,0
 line -3.411,4.1,0 -3.407,4.1,0 
line -3.411,4.6,0 -3.407,4.6,0 
z e region w -3.4237,4.1,0 -3.3943,4.6,0 
extrude -3.411,4.1,0  1.837 0
0
-array -3.411,4.1,0  R 1 1 


 z e
_zoom w -3.773,4.1,0.192 -2.753,6.11,0.192 spline
-3.263,4.1,0.192
-3.2503,4.11471,0.192
-3.263,4.12941,0.192
-3.2757,4.14412,0.192
-3.263,4.15882,0.192
-3.2503,4.17353,0.192
-3.263,4.18824,0.192
-3.2757,4.20294,0.192
-3.263,4.21765,0.192
-3.2503,4.23235,0.192
-3.263,4.24706,0.192
-3.2757,4.26176,0.192
-3.263,4.27647,0.192
-3.2503,4.29118,0.192
-3.263,4.30588,0.192
-3.2757,4.32059,0.192
-3.263,4.33529,0.192
-3.2503,4.35,0.192
-3.263,4.36471,0.192
-3.2757,4.37941,0.192
-3.263,4.39412,0.192
-3.2503,4.40882,0.192
-3.263,4.42353,0.192
-3.2757,4.43824,0.192
-3.263,4.45294,0.192
-3.2503,4.46765,0.192
-3.263,4.48235,0.192
-3.2757,4.49706,0.192
-3.263,4.51176,0.192
-3.2503,4.52647,0.192
-3.263,4.54118,0.192
-3.2757,4.55588,0.192
-3.263,4.57059,0.192
-3.2503,4.58529,0.192
-3.263,4.6,0.192
 -3.263,4,0.192
-3.263,4.7,0.192
offset
0.004
-3.263,4.1,0.192
-3.259,4.1,0.192
 line -3.263,4.1,0.192 -3.259,4.1,0.192 
line -3.263,4.6,0.192 -3.259,4.6,0.192 
z e region w -3.2757,4.1,0.192 -3.2463,4.6,0.192 
extrude -3.263,4.1,0.192  2 0
0
-array -3.263,4.1,0.192  R 1 1 


 z e
_zoom w -3.624,4.1,0 -2.604,5.947,0 spline
-3.114,4.1,0
-3.1013,4.11471,0
-3.114,4.12941,0
-3.1267,4.14412,0
-3.114,4.15882,0
-3.1013,4.17353,0
-3.114,4.18824,0
-3.1267,4.20294,0
-3.114,4.21765,0
-3.1013,4.23235,0
-3.114,4.24706,0
-3.1267,4.26176,0
-3.114,4.27647,0
-3.1013,4.29118,0
-3.114,4.30588,0
-3.1267,4.32059,0
-3.114,4.33529,0
-3.1013,4.35,0
-3.114,4.36471,0
-3.1267,4.37941,0
-3.114,4.39412,0
-3.1013,4.40882,0
-3.114,4.42353,0
-3.1267,4.43824,0
-3.114,4.45294,0
-3.1013,4.46765,0
-3.114,4.48235,0
-3.1267,4.49706,0
-3.114,4.51176,0
-3.1013,4.52647,0
-3.114,4.54118,0
-3.1267,4.55588,0
-3.114,4.57059,0
-3.1013,4.58529,0
-3.114,4.6,0
 -3.114,4,0
-3.114,4.7,0
offset
0.004
-3.114,4.1,0
-3.11,4.1,0
 line -3.114,4.1,0 -3.11,4.1,0 
line -3.114,4.6,0 -3.11,4.6,0 
z e region w -3.1267,4.1,0 -3.0973,4.6,0 
extrude -3.114,4.1,0  1.837 0
0
-array -3.114,4.1,0  R 1 1 


 z e
_zoom w -3.423,4.1,0.272 -2.403,6.03,0.272 spline
-2.913,4.1,0.272
-2.9003,4.11471,0.272
-2.913,4.12941,0.272
-2.9257,4.14412,0.272
-2.913,4.15882,0.272
-2.9003,4.17353,0.272
-2.913,4.18824,0.272
-2.9257,4.20294,0.272
-2.913,4.21765,0.272
-2.9003,4.23235,0.272
-2.913,4.24706,0.272
-2.9257,4.26176,0.272
-2.913,4.27647,0.272
-2.9003,4.29118,0.272
-2.913,4.30588,0.272
-2.9257,4.32059,0.272
-2.913,4.33529,0.272
-2.9003,4.35,0.272
-2.913,4.36471,0.272
-2.9257,4.37941,0.272
-2.913,4.39412,0.272
-2.9003,4.40882,0.272
-2.913,4.42353,0.272
-2.9257,4.43824,0.272
-2.913,4.45294,0.272
-2.9003,4.46765,0.272
-2.913,4.48235,0.272
-2.9257,4.49706,0.272
-2.913,4.51176,0.272
-2.9003,4.52647,0.272
-2.913,4.54118,0.272
-2.9257,4.55588,0.272
-2.913,4.57059,0.272
-2.9003,4.58529,0.272
-2.913,4.6,0.272
 -2.913,4,0.272
-2.913,4.7,0.272
offset
0.004
-2.913,4.1,0.272
-2.909,4.1,0.272
 line -2.913,4.1,0.272 -2.909,4.1,0.272 
line -2.913,4.6,0.272 -2.909,4.6,0.272 
z e region w -2.9257,4.1,0.272 -2.8963,4.6,0.272 
extrude -2.913,4.1,0.272  1.92 0
0
-array -2.913,4.1,0.272  R 1 1 


 z e
_zoom w -3.222,4.1,0 -2.202,5.867,0 spline
-2.712,4.1,0
-2.6993,4.11471,0
-2.712,4.12941,0
-2.7247,4.14412,0
-2.712,4.15882,0
-2.6993,4.17353,0
-2.712,4.18824,0
-2.7247,4.20294,0
-2.712,4.21765,0
-2.6993,4.23235,0
-2.712,4.24706,0
-2.7247,4.26176,0
-2.712,4.27647,0
-2.6993,4.29118,0
-2.712,4.30588,0
-2.7247,4.32059,0
-2.712,4.33529,0
-2.6993,4.35,0
-2.712,4.36471,0
-2.7247,4.37941,0
-2.712,4.39412,0
-2.6993,4.40882,0
-2.712,4.42353,0
-2.7247,4.43824,0
-2.712,4.45294,0
-2.6993,4.46765,0
-2.712,4.48235,0
-2.7247,4.49706,0
-2.712,4.51176,0
-2.6993,4.52647,0
-2.712,4.54118,0
-2.7247,4.55588,0
-2.712,4.57059,0
-2.6993,4.58529,0
-2.712,4.6,0
 -2.712,4,0
-2.712,4.7,0
offset
0.004
-2.712,4.1,0
-2.708,4.1,0
 line -2.712,4.1,0 -2.708,4.1,0 
line -2.712,4.6,0 -2.708,4.6,0 
z e region w -2.7247,4.1,0 -2.6953,4.6,0 
extrude -2.712,4.1,0  1.757 0
0
-array -2.712,4.1,0  R 1 1 


 z e
_zoom w -3.02,4.1,0.272 -2,6.03,0.272 spline
-2.51,4.1,0.272
-2.4973,4.11471,0.272
-2.51,4.12941,0.272
-2.5227,4.14412,0.272
-2.51,4.15882,0.272
-2.4973,4.17353,0.272
-2.51,4.18824,0.272
-2.5227,4.20294,0.272
-2.51,4.21765,0.272
-2.4973,4.23235,0.272
-2.51,4.24706,0.272
-2.5227,4.26176,0.272
-2.51,4.27647,0.272
-2.4973,4.29118,0.272
-2.51,4.30588,0.272
-2.5227,4.32059,0.272
-2.51,4.33529,0.272
-2.4973,4.35,0.272
-2.51,4.36471,0.272
-2.5227,4.37941,0.272
-2.51,4.39412,0.272
-2.4973,4.40882,0.272
-2.51,4.42353,0.272
-2.5227,4.43824,0.272
-2.51,4.45294,0.272
-2.4973,4.46765,0.272
-2.51,4.48235,0.272
-2.5227,4.49706,0.272
-2.51,4.51176,0.272
-2.4973,4.52647,0.272
-2.51,4.54118,0.272
-2.5227,4.55588,0.272
-2.51,4.57059,0.272
-2.4973,4.58529,0.272
-2.51,4.6,0.272
 -2.51,4,0.272
-2.51,4.7,0.272
offset
0.004
-2.51,4.1,0.272
-2.506,4.1,0.272
 line -2.51,4.1,0.272 -2.506,4.1,0.272 
line -2.51,4.6,0.272 -2.506,4.6,0.272 
z e region w -2.5227,4.1,0.272 -2.4933,4.6,0.272 
extrude -2.51,4.1,0.272  1.92 0
0
-array -2.51,4.1,0.272  R 1 1 


 z e
_zoom w -2.819,4.1,0 -1.799,5.867,0 spline
-2.309,4.1,0
-2.2963,4.11471,0
-2.309,4.12941,0
-2.3217,4.14412,0
-2.309,4.15882,0
-2.2963,4.17353,0
-2.309,4.18824,0
-2.3217,4.20294,0
-2.309,4.21765,0
-2.2963,4.23235,0
-2.309,4.24706,0
-2.3217,4.26176,0
-2.309,4.27647,0
-2.2963,4.29118,0
-2.309,4.30588,0
-2.3217,4.32059,0
-2.309,4.33529,0
-2.2963,4.35,0
-2.309,4.36471,0
-2.3217,4.37941,0
-2.309,4.39412,0
-2.2963,4.40882,0
-2.309,4.42353,0
-2.3217,4.43824,0
-2.309,4.45294,0
-2.2963,4.46765,0
-2.309,4.48235,0
-2.3217,4.49706,0
-2.309,4.51176,0
-2.2963,4.52647,0
-2.309,4.54118,0
-2.3217,4.55588,0
-2.309,4.57059,0
-2.2963,4.58529,0
-2.309,4.6,0
 -2.309,4,0
-2.309,4.7,0
offset
0.004
-2.309,4.1,0
-2.305,4.1,0
 line -2.309,4.1,0 -2.305,4.1,0 
line -2.309,4.6,0 -2.305,4.6,0 
z e region w -2.3217,4.1,0 -2.2923,4.6,0 
extrude -2.309,4.1,0  1.757 0
0
-array -2.309,4.1,0  R 1 1 


 z e
_zoom w -2.618,4.1,0.272 -1.598,6.03,0.272 spline
-2.108,4.1,0.272
-2.0953,4.11471,0.272
-2.108,4.12941,0.272
-2.1207,4.14412,0.272
-2.108,4.15882,0.272
-2.0953,4.17353,0.272
-2.108,4.18824,0.272
-2.1207,4.20294,0.272
-2.108,4.21765,0.272
-2.0953,4.23235,0.272
-2.108,4.24706,0.272
-2.1207,4.26176,0.272
-2.108,4.27647,0.272
-2.0953,4.29118,0.272
-2.108,4.30588,0.272
-2.1207,4.32059,0.272
-2.108,4.33529,0.272
-2.0953,4.35,0.272
-2.108,4.36471,0.272
-2.1207,4.37941,0.272
-2.108,4.39412,0.272
-2.0953,4.40882,0.272
-2.108,4.42353,0.272
-2.1207,4.43824,0.272
-2.108,4.45294,0.272
-2.0953,4.46765,0.272
-2.108,4.48235,0.272
-2.1207,4.49706,0.272
-2.108,4.51176,0.272
-2.0953,4.52647,0.272
-2.108,4.54118,0.272
-2.1207,4.55588,0.272
-2.108,4.57059,0.272
-2.0953,4.58529,0.272
-2.108,4.6,0.272
 -2.108,4,0.272
-2.108,4.7,0.272
offset
0.004
-2.108,4.1,0.272
-2.104,4.1,0.272
 line -2.108,4.1,0.272 -2.104,4.1,0.272 
line -2.108,4.6,0.272 -2.104,4.6,0.272 
z e region w -2.1207,4.1,0.272 -2.0913,4.6,0.272 
extrude -2.108,4.1,0.272  1.92 0
0
-array -2.108,4.1,0.272  R 1 1 


 z e
_zoom w -2.416,4.1,0 -1.396,5.867,0 spline
-1.906,4.1,0
-1.8933,4.11471,0
-1.906,4.12941,0
-1.9187,4.14412,0
-1.906,4.15882,0
-1.8933,4.17353,0
-1.906,4.18824,0
-1.9187,4.20294,0
-1.906,4.21765,0
-1.8933,4.23235,0
-1.906,4.24706,0
-1.9187,4.26176,0
-1.906,4.27647,0
-1.8933,4.29118,0
-1.906,4.30588,0
-1.9187,4.32059,0
-1.906,4.33529,0
-1.8933,4.35,0
-1.906,4.36471,0
-1.9187,4.37941,0
-1.906,4.39412,0
-1.8933,4.40882,0
-1.906,4.42353,0
-1.9187,4.43824,0
-1.906,4.45294,0
-1.8933,4.46765,0
-1.906,4.48235,0
-1.9187,4.49706,0
-1.906,4.51176,0
-1.8933,4.52647,0
-1.906,4.54118,0
-1.9187,4.55588,0
-1.906,4.57059,0
-1.8933,4.58529,0
-1.906,4.6,0
 -1.906,4,0
-1.906,4.7,0
offset
0.004
-1.906,4.1,0
-1.902,4.1,0
 line -1.906,4.1,0 -1.902,4.1,0 
line -1.906,4.6,0 -1.902,4.6,0 
z e region w -1.9187,4.1,0 -1.8893,4.6,0 
extrude -1.906,4.1,0  1.757 0
0
-array -1.906,4.1,0  R 1 1 


 z e
_zoom w -2.215,4.1,0.272 -1.195,6.03,0.272 spline
-1.705,4.1,0.272
-1.6923,4.11471,0.272
-1.705,4.12941,0.272
-1.7177,4.14412,0.272
-1.705,4.15882,0.272
-1.6923,4.17353,0.272
-1.705,4.18824,0.272
-1.7177,4.20294,0.272
-1.705,4.21765,0.272
-1.6923,4.23235,0.272
-1.705,4.24706,0.272
-1.7177,4.26176,0.272
-1.705,4.27647,0.272
-1.6923,4.29118,0.272
-1.705,4.30588,0.272
-1.7177,4.32059,0.272
-1.705,4.33529,0.272
-1.6923,4.35,0.272
-1.705,4.36471,0.272
-1.7177,4.37941,0.272
-1.705,4.39412,0.272
-1.6923,4.40882,0.272
-1.705,4.42353,0.272
-1.7177,4.43824,0.272
-1.705,4.45294,0.272
-1.6923,4.46765,0.272
-1.705,4.48235,0.272
-1.7177,4.49706,0.272
-1.705,4.51176,0.272
-1.6923,4.52647,0.272
-1.705,4.54118,0.272
-1.7177,4.55588,0.272
-1.705,4.57059,0.272
-1.6923,4.58529,0.272
-1.705,4.6,0.272
 -1.705,4,0.272
-1.705,4.7,0.272
offset
0.004
-1.705,4.1,0.272
-1.701,4.1,0.272
 line -1.705,4.1,0.272 -1.701,4.1,0.272 
line -1.705,4.6,0.272 -1.701,4.6,0.272 
z e region w -1.7177,4.1,0.272 -1.6883,4.6,0.272 
extrude -1.705,4.1,0.272  1.92 0
0
-array -1.705,4.1,0.272  R 1 1 


 z e
_zoom w -2.014,4.1,0 -0.994,5.867,0 spline
-1.504,4.1,0
-1.4913,4.11471,0
-1.504,4.12941,0
-1.5167,4.14412,0
-1.504,4.15882,0
-1.4913,4.17353,0
-1.504,4.18824,0
-1.5167,4.20294,0
-1.504,4.21765,0
-1.4913,4.23235,0
-1.504,4.24706,0
-1.5167,4.26176,0
-1.504,4.27647,0
-1.4913,4.29118,0
-1.504,4.30588,0
-1.5167,4.32059,0
-1.504,4.33529,0
-1.4913,4.35,0
-1.504,4.36471,0
-1.5167,4.37941,0
-1.504,4.39412,0
-1.4913,4.40882,0
-1.504,4.42353,0
-1.5167,4.43824,0
-1.504,4.45294,0
-1.4913,4.46765,0
-1.504,4.48235,0
-1.5167,4.49706,0
-1.504,4.51176,0
-1.4913,4.52647,0
-1.504,4.54118,0
-1.5167,4.55588,0
-1.504,4.57059,0
-1.4913,4.58529,0
-1.504,4.6,0
 -1.504,4,0
-1.504,4.7,0
offset
0.004
-1.504,4.1,0
-1.5,4.1,0
 line -1.504,4.1,0 -1.5,4.1,0 
line -1.504,4.6,0 -1.5,4.6,0 
z e region w -1.5167,4.1,0 -1.4873,4.6,0 
extrude -1.504,4.1,0  1.757 0
0
-array -1.504,4.1,0  R 1 1 


 z e
_zoom w -1.614,4.1,0.569 -0.594,5.734,0.569 spline
-1.104,4.1,0.569
-1.0913,4.11471,0.569
-1.104,4.12941,0.569
-1.1167,4.14412,0.569
-1.104,4.15882,0.569
-1.0913,4.17353,0.569
-1.104,4.18824,0.569
-1.1167,4.20294,0.569
-1.104,4.21765,0.569
-1.0913,4.23235,0.569
-1.104,4.24706,0.569
-1.1167,4.26176,0.569
-1.104,4.27647,0.569
-1.0913,4.29118,0.569
-1.104,4.30588,0.569
-1.1167,4.32059,0.569
-1.104,4.33529,0.569
-1.0913,4.35,0.569
-1.104,4.36471,0.569
-1.1167,4.37941,0.569
-1.104,4.39412,0.569
-1.0913,4.40882,0.569
-1.104,4.42353,0.569
-1.1167,4.43824,0.569
-1.104,4.45294,0.569
-1.0913,4.46765,0.569
-1.104,4.48235,0.569
-1.1167,4.49706,0.569
-1.104,4.51176,0.569
-1.0913,4.52647,0.569
-1.104,4.54118,0.569
-1.1167,4.55588,0.569
-1.104,4.57059,0.569
-1.0913,4.58529,0.569
-1.104,4.6,0.569
 -1.104,4,0.569
-1.104,4.7,0.569
offset
0.004
-1.104,4.1,0.569
-1.1,4.1,0.569
 line -1.104,4.1,0.569 -1.1,4.1,0.569 
line -1.104,4.6,0.569 -1.1,4.6,0.569 
z e region w -1.1167,4.1,0.569 -1.0873,4.6,0.569 
extrude -1.104,4.1,0.569  1.624 0
0
-array -1.104,4.1,0.569  R 1 1 


 z e
_zoom w -1.215,4.1,0 -0.195,5.571,0 spline
-0.705,4.1,0
-0.6923,4.11471,0
-0.705,4.12941,0
-0.7177,4.14412,0
-0.705,4.15882,0
-0.6923,4.17353,0
-0.705,4.18824,0
-0.7177,4.20294,0
-0.705,4.21765,0
-0.6923,4.23235,0
-0.705,4.24706,0
-0.7177,4.26176,0
-0.705,4.27647,0
-0.6923,4.29118,0
-0.705,4.30588,0
-0.7177,4.32059,0
-0.705,4.33529,0
-0.6923,4.35,0
-0.705,4.36471,0
-0.7177,4.37941,0
-0.705,4.39412,0
-0.6923,4.40882,0
-0.705,4.42353,0
-0.7177,4.43824,0
-0.705,4.45294,0
-0.6923,4.46765,0
-0.705,4.48235,0
-0.7177,4.49706,0
-0.705,4.51176,0
-0.6923,4.52647,0
-0.705,4.54118,0
-0.7177,4.55588,0
-0.705,4.57059,0
-0.6923,4.58529,0
-0.705,4.6,0
 -0.705,4,0
-0.705,4.7,0
offset
0.004
-0.705,4.1,0
-0.701,4.1,0
 line -0.705,4.1,0 -0.701,4.1,0 
line -0.705,4.6,0 -0.701,4.6,0 
z e region w -0.7177,4.1,0 -0.6883,4.6,0 
extrude -0.705,4.1,0  1.461 0
0
-array -0.705,4.1,0  R 1 1 


 z e
_zoom w -0.904,3.45,0 0.116,4.921,0 spline
-0.394,3.45,0
-0.3813,3.46471,0
-0.394,3.47941,0
-0.4067,3.49412,0
-0.394,3.50882,0
-0.3813,3.52353,0
-0.394,3.53824,0
-0.4067,3.55294,0
-0.394,3.56765,0
-0.3813,3.58235,0
-0.394,3.59706,0
-0.4067,3.61176,0
-0.394,3.62647,0
-0.3813,3.64118,0
-0.394,3.65588,0
-0.4067,3.67059,0
-0.394,3.68529,0
-0.3813,3.7,0
-0.394,3.71471,0
-0.4067,3.72941,0
-0.394,3.74412,0
-0.3813,3.75882,0
-0.394,3.77353,0
-0.4067,3.78824,0
-0.394,3.80294,0
-0.3813,3.81765,0
-0.394,3.83235,0
-0.4067,3.84706,0
-0.394,3.86176,0
-0.3813,3.87647,0
-0.394,3.89118,0
-0.4067,3.90588,0
-0.394,3.92059,0
-0.3813,3.93529,0
-0.394,3.95,0
 -0.394,3.35,0
-0.394,4.05,0
offset
0.004
-0.394,3.45,0
-0.39,3.45,0
 line -0.394,3.45,0 -0.39,3.45,0 
line -0.394,3.95,0 -0.39,3.95,0 
z e region w -0.4067,3.45,0 -0.3773,3.95,0 
extrude -0.394,3.45,0  1.461 0
0
-array -0.394,3.45,0  R 1 1 


 z e
_zoom w -1.303,3.45,0.569 -0.283,5.084,0.569 spline
-0.793,3.45,0.569
-0.7803,3.46471,0.569
-0.793,3.47941,0.569
-0.8057,3.49412,0.569
-0.793,3.50882,0.569
-0.7803,3.52353,0.569
-0.793,3.53824,0.569
-0.8057,3.55294,0.569
-0.793,3.56765,0.569
-0.7803,3.58235,0.569
-0.793,3.59706,0.569
-0.8057,3.61176,0.569
-0.793,3.62647,0.569
-0.7803,3.64118,0.569
-0.793,3.65588,0.569
-0.8057,3.67059,0.569
-0.793,3.68529,0.569
-0.7803,3.7,0.569
-0.793,3.71471,0.569
-0.8057,3.72941,0.569
-0.793,3.74412,0.569
-0.7803,3.75882,0.569
-0.793,3.77353,0.569
-0.8057,3.78824,0.569
-0.793,3.80294,0.569
-0.7803,3.81765,0.569
-0.793,3.83235,0.569
-0.8057,3.84706,0.569
-0.793,3.86176,0.569
-0.7803,3.87647,0.569
-0.793,3.89118,0.569
-0.8057,3.90588,0.569
-0.793,3.92059,0.569
-0.7803,3.93529,0.569
-0.793,3.95,0.569
 -0.793,3.35,0.569
-0.793,4.05,0.569
offset
0.004
-0.793,3.45,0.569
-0.789,3.45,0.569
 line -0.793,3.45,0.569 -0.789,3.45,0.569 
line -0.793,3.95,0.569 -0.789,3.95,0.569 
z e region w -0.8057,3.45,0.569 -0.7763,3.95,0.569 
extrude -0.793,3.45,0.569  1.624 0
0
-array -0.793,3.45,0.569  R 1 1 


 z e
_zoom w -1.702,3.45,0 -0.682,4.921,0 spline
-1.192,3.45,0
-1.1793,3.46471,0
-1.192,3.47941,0
-1.2047,3.49412,0
-1.192,3.50882,0
-1.1793,3.52353,0
-1.192,3.53824,0
-1.2047,3.55294,0
-1.192,3.56765,0
-1.1793,3.58235,0
-1.192,3.59706,0
-1.2047,3.61176,0
-1.192,3.62647,0
-1.1793,3.64118,0
-1.192,3.65588,0
-1.2047,3.67059,0
-1.192,3.68529,0
-1.1793,3.7,0
-1.192,3.71471,0
-1.2047,3.72941,0
-1.192,3.74412,0
-1.1793,3.75882,0
-1.192,3.77353,0
-1.2047,3.78824,0
-1.192,3.80294,0
-1.1793,3.81765,0
-1.192,3.83235,0
-1.2047,3.84706,0
-1.192,3.86176,0
-1.1793,3.87647,0
-1.192,3.89118,0
-1.2047,3.90588,0
-1.192,3.92059,0
-1.1793,3.93529,0
-1.192,3.95,0
 -1.192,3.35,0
-1.192,4.05,0
offset
0.004
-1.192,3.45,0
-1.188,3.45,0
 line -1.192,3.45,0 -1.188,3.45,0 
line -1.192,3.95,0 -1.188,3.95,0 
z e region w -1.2047,3.45,0 -1.1753,3.95,0 
extrude -1.192,3.45,0  1.461 0
0
-array -1.192,3.45,0  R 1 1 


 z e
_zoom w -2.101,3.45,0.569 -1.081,5.084,0.569 spline
-1.591,3.45,0.569
-1.5783,3.46471,0.569
-1.591,3.47941,0.569
-1.6037,3.49412,0.569
-1.591,3.50882,0.569
-1.5783,3.52353,0.569
-1.591,3.53824,0.569
-1.6037,3.55294,0.569
-1.591,3.56765,0.569
-1.5783,3.58235,0.569
-1.591,3.59706,0.569
-1.6037,3.61176,0.569
-1.591,3.62647,0.569
-1.5783,3.64118,0.569
-1.591,3.65588,0.569
-1.6037,3.67059,0.569
-1.591,3.68529,0.569
-1.5783,3.7,0.569
-1.591,3.71471,0.569
-1.6037,3.72941,0.569
-1.591,3.74412,0.569
-1.5783,3.75882,0.569
-1.591,3.77353,0.569
-1.6037,3.78824,0.569
-1.591,3.80294,0.569
-1.5783,3.81765,0.569
-1.591,3.83235,0.569
-1.6037,3.84706,0.569
-1.591,3.86176,0.569
-1.5783,3.87647,0.569
-1.591,3.89118,0.569
-1.6037,3.90588,0.569
-1.591,3.92059,0.569
-1.5783,3.93529,0.569
-1.591,3.95,0.569
 -1.591,3.35,0.569
-1.591,4.05,0.569
offset
0.004
-1.591,3.45,0.569
-1.587,3.45,0.569
 line -1.591,3.45,0.569 -1.587,3.45,0.569 
line -1.591,3.95,0.569 -1.587,3.95,0.569 
z e region w -1.6037,3.45,0.569 -1.5743,3.95,0.569 
extrude -1.591,3.45,0.569  1.624 0
0
-array -1.591,3.45,0.569  R 1 1 


 z e
_zoom w -2.5,3.45,0 -1.48,4.921,0 spline
-1.99,3.45,0
-1.9773,3.46471,0
-1.99,3.47941,0
-2.0027,3.49412,0
-1.99,3.50882,0
-1.9773,3.52353,0
-1.99,3.53824,0
-2.0027,3.55294,0
-1.99,3.56765,0
-1.9773,3.58235,0
-1.99,3.59706,0
-2.0027,3.61176,0
-1.99,3.62647,0
-1.9773,3.64118,0
-1.99,3.65588,0
-2.0027,3.67059,0
-1.99,3.68529,0
-1.9773,3.7,0
-1.99,3.71471,0
-2.0027,3.72941,0
-1.99,3.74412,0
-1.9773,3.75882,0
-1.99,3.77353,0
-2.0027,3.78824,0
-1.99,3.80294,0
-1.9773,3.81765,0
-1.99,3.83235,0
-2.0027,3.84706,0
-1.99,3.86176,0
-1.9773,3.87647,0
-1.99,3.89118,0
-2.0027,3.90588,0
-1.99,3.92059,0
-1.9773,3.93529,0
-1.99,3.95,0
 -1.99,3.35,0
-1.99,4.05,0
offset
0.004
-1.99,3.45,0
-1.986,3.45,0
 line -1.99,3.45,0 -1.986,3.45,0 
line -1.99,3.95,0 -1.986,3.95,0 
z e region w -2.0027,3.45,0 -1.9733,3.95,0 
extrude -1.99,3.45,0  1.461 0
0
-array -1.99,3.45,0  R 1 1 


 z e
_zoom w -2.899,3.45,0.569 -1.879,5.084,0.569 spline
-2.389,3.45,0.569
-2.3763,3.46471,0.569
-2.389,3.47941,0.569
-2.4017,3.49412,0.569
-2.389,3.50882,0.569
-2.3763,3.52353,0.569
-2.389,3.53824,0.569
-2.4017,3.55294,0.569
-2.389,3.56765,0.569
-2.3763,3.58235,0.569
-2.389,3.59706,0.569
-2.4017,3.61176,0.569
-2.389,3.62647,0.569
-2.3763,3.64118,0.569
-2.389,3.65588,0.569
-2.4017,3.67059,0.569
-2.389,3.68529,0.569
-2.3763,3.7,0.569
-2.389,3.71471,0.569
-2.4017,3.72941,0.569
-2.389,3.74412,0.569
-2.3763,3.75882,0.569
-2.389,3.77353,0.569
-2.4017,3.78824,0.569
-2.389,3.80294,0.569
-2.3763,3.81765,0.569
-2.389,3.83235,0.569
-2.4017,3.84706,0.569
-2.389,3.86176,0.569
-2.3763,3.87647,0.569
-2.389,3.89118,0.569
-2.4017,3.90588,0.569
-2.389,3.92059,0.569
-2.3763,3.93529,0.569
-2.389,3.95,0.569
 -2.389,3.35,0.569
-2.389,4.05,0.569
offset
0.004
-2.389,3.45,0.569
-2.385,3.45,0.569
 line -2.389,3.45,0.569 -2.385,3.45,0.569 
line -2.389,3.95,0.569 -2.385,3.95,0.569 
z e region w -2.4017,3.45,0.569 -2.3723,3.95,0.569 
extrude -2.389,3.45,0.569  1.624 0
0
-array -2.389,3.45,0.569  R 1 1 


 z e
_zoom w -3.298,3.45,0 -2.278,4.921,0 spline
-2.788,3.45,0
-2.7753,3.46471,0
-2.788,3.47941,0
-2.8007,3.49412,0
-2.788,3.50882,0
-2.7753,3.52353,0
-2.788,3.53824,0
-2.8007,3.55294,0
-2.788,3.56765,0
-2.7753,3.58235,0
-2.788,3.59706,0
-2.8007,3.61176,0
-2.788,3.62647,0
-2.7753,3.64118,0
-2.788,3.65588,0
-2.8007,3.67059,0
-2.788,3.68529,0
-2.7753,3.7,0
-2.788,3.71471,0
-2.8007,3.72941,0
-2.788,3.74412,0
-2.7753,3.75882,0
-2.788,3.77353,0
-2.8007,3.78824,0
-2.788,3.80294,0
-2.7753,3.81765,0
-2.788,3.83235,0
-2.8007,3.84706,0
-2.788,3.86176,0
-2.7753,3.87647,0
-2.788,3.89118,0
-2.8007,3.90588,0
-2.788,3.92059,0
-2.7753,3.93529,0
-2.788,3.95,0
 -2.788,3.35,0
-2.788,4.05,0
offset
0.004
-2.788,3.45,0
-2.784,3.45,0
 line -2.788,3.45,0 -2.784,3.45,0 
line -2.788,3.95,0 -2.784,3.95,0 
z e region w -2.8007,3.45,0 -2.7713,3.95,0 
extrude -2.788,3.45,0  1.461 0
0
-array -2.788,3.45,0  R 1 1 


 z e
_zoom w -3.697,3.45,0.569 -2.677,5.084,0.569 spline
-3.187,3.45,0.569
-3.1743,3.46471,0.569
-3.187,3.47941,0.569
-3.1997,3.49412,0.569
-3.187,3.50882,0.569
-3.1743,3.52353,0.569
-3.187,3.53824,0.569
-3.1997,3.55294,0.569
-3.187,3.56765,0.569
-3.1743,3.58235,0.569
-3.187,3.59706,0.569
-3.1997,3.61176,0.569
-3.187,3.62647,0.569
-3.1743,3.64118,0.569
-3.187,3.65588,0.569
-3.1997,3.67059,0.569
-3.187,3.68529,0.569
-3.1743,3.7,0.569
-3.187,3.71471,0.569
-3.1997,3.72941,0.569
-3.187,3.74412,0.569
-3.1743,3.75882,0.569
-3.187,3.77353,0.569
-3.1997,3.78824,0.569
-3.187,3.80294,0.569
-3.1743,3.81765,0.569
-3.187,3.83235,0.569
-3.1997,3.84706,0.569
-3.187,3.86176,0.569
-3.1743,3.87647,0.569
-3.187,3.89118,0.569
-3.1997,3.90588,0.569
-3.187,3.92059,0.569
-3.1743,3.93529,0.569
-3.187,3.95,0.569
 -3.187,3.35,0.569
-3.187,4.05,0.569
offset
0.004
-3.187,3.45,0.569
-3.183,3.45,0.569
 line -3.187,3.45,0.569 -3.183,3.45,0.569 
line -3.187,3.95,0.569 -3.183,3.95,0.569 
z e region w -3.1997,3.45,0.569 -3.1703,3.95,0.569 
extrude -3.187,3.45,0.569  1.624 0
0
-array -3.187,3.45,0.569  R 1 1 


 z e
_zoom w -4.096,3.45,0 -3.076,4.921,0 spline
-3.586,3.45,0
-3.5733,3.46471,0
-3.586,3.47941,0
-3.5987,3.49412,0
-3.586,3.50882,0
-3.5733,3.52353,0
-3.586,3.53824,0
-3.5987,3.55294,0
-3.586,3.56765,0
-3.5733,3.58235,0
-3.586,3.59706,0
-3.5987,3.61176,0
-3.586,3.62647,0
-3.5733,3.64118,0
-3.586,3.65588,0
-3.5987,3.67059,0
-3.586,3.68529,0
-3.5733,3.7,0
-3.586,3.71471,0
-3.5987,3.72941,0
-3.586,3.74412,0
-3.5733,3.75882,0
-3.586,3.77353,0
-3.5987,3.78824,0
-3.586,3.80294,0
-3.5733,3.81765,0
-3.586,3.83235,0
-3.5987,3.84706,0
-3.586,3.86176,0
-3.5733,3.87647,0
-3.586,3.89118,0
-3.5987,3.90588,0
-3.586,3.92059,0
-3.5733,3.93529,0
-3.586,3.95,0
 -3.586,3.35,0
-3.586,4.05,0
offset
0.004
-3.586,3.45,0
-3.582,3.45,0
 line -3.586,3.45,0 -3.582,3.45,0 
line -3.586,3.95,0 -3.582,3.95,0 
z e region w -3.5987,3.45,0 -3.5693,3.95,0 
extrude -3.586,3.45,0  1.461 0
0
-array -3.586,3.45,0  R 1 1 


 z e
_zoom w -4.495,3.45,0.569 -3.475,5.084,0.569 spline
-3.985,3.45,0.569
-3.9723,3.46471,0.569
-3.985,3.47941,0.569
-3.9977,3.49412,0.569
-3.985,3.50882,0.569
-3.9723,3.52353,0.569
-3.985,3.53824,0.569
-3.9977,3.55294,0.569
-3.985,3.56765,0.569
-3.9723,3.58235,0.569
-3.985,3.59706,0.569
-3.9977,3.61176,0.569
-3.985,3.62647,0.569
-3.9723,3.64118,0.569
-3.985,3.65588,0.569
-3.9977,3.67059,0.569
-3.985,3.68529,0.569
-3.9723,3.7,0.569
-3.985,3.71471,0.569
-3.9977,3.72941,0.569
-3.985,3.74412,0.569
-3.9723,3.75882,0.569
-3.985,3.77353,0.569
-3.9977,3.78824,0.569
-3.985,3.80294,0.569
-3.9723,3.81765,0.569
-3.985,3.83235,0.569
-3.9977,3.84706,0.569
-3.985,3.86176,0.569
-3.9723,3.87647,0.569
-3.985,3.89118,0.569
-3.9977,3.90588,0.569
-3.985,3.92059,0.569
-3.9723,3.93529,0.569
-3.985,3.95,0.569
 -3.985,3.35,0.569
-3.985,4.05,0.569
offset
0.004
-3.985,3.45,0.569
-3.981,3.45,0.569
 line -3.985,3.45,0.569 -3.981,3.45,0.569 
line -3.985,3.95,0.569 -3.981,3.95,0.569 
z e region w -3.9977,3.45,0.569 -3.9683,3.95,0.569 
extrude -3.985,3.45,0.569  1.624 0
0
-array -3.985,3.45,0.569  R 1 1 


 z e
-layer s 0
  
-layer f baffle
  
