-layer m floctank
c t 91,91,91
floctank
  
_-view o t _zoom w 0.16,3.29,0 -3.0072,4.76,1.3 _box 0,3.45,0 -2.8472,4.6,1.3 _box 0.15,3.3,-0.15 -2.9972,4.75,1.3 _subtract 0.15,3.3,-0.15  0,3.45,0 
-layer s 0
  
-layer f floctank
  
-layer m floctankwall
c t 91,91,91
floctankwall
  
_box -2.9972,3.95,0 0.15,4.1,1.3
_box -0.35137,3.95,0 0,4.1,0.5
_subtract -2.9972,3.95,0  -0.35137,3.95,0 
-layer s 0
  
-layer t floctank
  
_union all 
-layer s 0
  
-layer f floctankwall
  
-layer m flocchannelhole
c t 91,91,91
flocchannelhole
  
_box -2.8472,3.3,1 -2.62039,3.45,1.3
-layer s 0
  
-layer t floctankwall
  
_-view o t
_subtract 0,3.45,0  -2.8472,3.3,1 
_union all 
-layer f floctankwall
  
-layer m baffle
c t 125,0,160
baffle
  
_zoom w -3.1286,4.1,0 -2.1086,5.24287,0 spline
-2.6186,4.1,0
-2.6059,4.11471,0
-2.6186,4.12941,0
-2.6313,4.14412,0
-2.6186,4.15882,0
-2.6059,4.17353,0
-2.6186,4.18824,0
-2.6313,4.20294,0
-2.6186,4.21765,0
-2.6059,4.23235,0
-2.6186,4.24706,0
-2.6313,4.26176,0
-2.6186,4.27647,0
-2.6059,4.29118,0
-2.6186,4.30588,0
-2.6313,4.32059,0
-2.6186,4.33529,0
-2.6059,4.35,0
-2.6186,4.36471,0
-2.6313,4.37941,0
-2.6186,4.39412,0
-2.6059,4.40882,0
-2.6186,4.42353,0
-2.6313,4.43824,0
-2.6186,4.45294,0
-2.6059,4.46765,0
-2.6186,4.48235,0
-2.6313,4.49706,0
-2.6186,4.51176,0
-2.6059,4.52647,0
-2.6186,4.54118,0
-2.6313,4.55588,0
-2.6186,4.57059,0
-2.6059,4.58529,0
-2.6186,4.6,0
 -2.6186,4,0
-2.6186,4.7,0
offset
0.004
-2.6186,4.1,0
-2.6146,4.1,0
 line -2.6186,4.1,0 -2.6146,4.1,0 
line -2.6186,4.6,0 -2.6146,4.6,0 
z e region w -2.6313,4.1,0 -2.6019,4.6,0 
extrude -2.6186,4.1,0  1.13287 0
0
-array -2.6186,4.1,0  R 1 1 


 z e
_zoom w -3.04147,4.1,0.06713 -2.02147,5.52555,0.06713 spline
-2.53147,4.1,0.06713
-2.51877,4.11471,0.06713
-2.53147,4.12941,0.06713
-2.54417,4.14412,0.06713
-2.53147,4.15882,0.06713
-2.51877,4.17353,0.06713
-2.53147,4.18824,0.06713
-2.54417,4.20294,0.06713
-2.53147,4.21765,0.06713
-2.51877,4.23235,0.06713
-2.53147,4.24706,0.06713
-2.54417,4.26176,0.06713
-2.53147,4.27647,0.06713
-2.51877,4.29118,0.06713
-2.53147,4.30588,0.06713
-2.54417,4.32059,0.06713
-2.53147,4.33529,0.06713
-2.51877,4.35,0.06713
-2.53147,4.36471,0.06713
-2.54417,4.37941,0.06713
-2.53147,4.39412,0.06713
-2.51877,4.40882,0.06713
-2.53147,4.42353,0.06713
-2.54417,4.43824,0.06713
-2.53147,4.45294,0.06713
-2.51877,4.46765,0.06713
-2.53147,4.48235,0.06713
-2.54417,4.49706,0.06713
-2.53147,4.51176,0.06713
-2.51877,4.52647,0.06713
-2.53147,4.54118,0.06713
-2.54417,4.55588,0.06713
-2.53147,4.57059,0.06713
-2.51877,4.58529,0.06713
-2.53147,4.6,0.06713
 -2.53147,4,0.06713
-2.53147,4.7,0.06713
offset
0.004
-2.53147,4.1,0.06713
-2.52747,4.1,0.06713
 line -2.53147,4.1,0.06713 -2.52747,4.1,0.06713 
line -2.53147,4.6,0.06713 -2.52747,4.6,0.06713 
z e region w -2.54417,4.1,0.06713 -2.51477,4.6,0.06713 
extrude -2.53147,4.1,0.06713  1.41555 0
0
-array -2.53147,4.1,0.06713  R 1 1 


 z e
_zoom w -2.95435,4.1,0 -1.93435,5.24287,0 spline
-2.44435,4.1,0
-2.43165,4.11471,0
-2.44435,4.12941,0
-2.45705,4.14412,0
-2.44435,4.15882,0
-2.43165,4.17353,0
-2.44435,4.18824,0
-2.45705,4.20294,0
-2.44435,4.21765,0
-2.43165,4.23235,0
-2.44435,4.24706,0
-2.45705,4.26176,0
-2.44435,4.27647,0
-2.43165,4.29118,0
-2.44435,4.30588,0
-2.45705,4.32059,0
-2.44435,4.33529,0
-2.43165,4.35,0
-2.44435,4.36471,0
-2.45705,4.37941,0
-2.44435,4.39412,0
-2.43165,4.40882,0
-2.44435,4.42353,0
-2.45705,4.43824,0
-2.44435,4.45294,0
-2.43165,4.46765,0
-2.44435,4.48235,0
-2.45705,4.49706,0
-2.44435,4.51176,0
-2.43165,4.52647,0
-2.44435,4.54118,0
-2.45705,4.55588,0
-2.44435,4.57059,0
-2.43165,4.58529,0
-2.44435,4.6,0
 -2.44435,4,0
-2.44435,4.7,0
offset
0.004
-2.44435,4.1,0
-2.44035,4.1,0
 line -2.44435,4.1,0 -2.44035,4.1,0 
line -2.44435,4.6,0 -2.44035,4.6,0 
z e region w -2.45705,4.1,0 -2.42765,4.6,0 
extrude -2.44435,4.1,0  1.13287 0
0
-array -2.44435,4.1,0  R 1 1 


 z e
_zoom w -2.86722,4.1,0.06713 -1.84722,5.52555,0.06713 spline
-2.35722,4.1,0.06713
-2.34452,4.11471,0.06713
-2.35722,4.12941,0.06713
-2.36992,4.14412,0.06713
-2.35722,4.15882,0.06713
-2.34452,4.17353,0.06713
-2.35722,4.18824,0.06713
-2.36992,4.20294,0.06713
-2.35722,4.21765,0.06713
-2.34452,4.23235,0.06713
-2.35722,4.24706,0.06713
-2.36992,4.26176,0.06713
-2.35722,4.27647,0.06713
-2.34452,4.29118,0.06713
-2.35722,4.30588,0.06713
-2.36992,4.32059,0.06713
-2.35722,4.33529,0.06713
-2.34452,4.35,0.06713
-2.35722,4.36471,0.06713
-2.36992,4.37941,0.06713
-2.35722,4.39412,0.06713
-2.34452,4.40882,0.06713
-2.35722,4.42353,0.06713
-2.36992,4.43824,0.06713
-2.35722,4.45294,0.06713
-2.34452,4.46765,0.06713
-2.35722,4.48235,0.06713
-2.36992,4.49706,0.06713
-2.35722,4.51176,0.06713
-2.34452,4.52647,0.06713
-2.35722,4.54118,0.06713
-2.36992,4.55588,0.06713
-2.35722,4.57059,0.06713
-2.34452,4.58529,0.06713
-2.35722,4.6,0.06713
 -2.35722,4,0.06713
-2.35722,4.7,0.06713
offset
0.004
-2.35722,4.1,0.06713
-2.35322,4.1,0.06713
 line -2.35722,4.1,0.06713 -2.35322,4.1,0.06713 
line -2.35722,4.6,0.06713 -2.35322,4.6,0.06713 
z e region w -2.36992,4.1,0.06713 -2.34052,4.6,0.06713 
extrude -2.35722,4.1,0.06713  1.41555 0
0
-array -2.35722,4.1,0.06713  R 1 1 


 z e
_zoom w -2.7801,4.1,0 -1.7601,5.24287,0 spline
-2.2701,4.1,0
-2.2574,4.11471,0
-2.2701,4.12941,0
-2.2828,4.14412,0
-2.2701,4.15882,0
-2.2574,4.17353,0
-2.2701,4.18824,0
-2.2828,4.20294,0
-2.2701,4.21765,0
-2.2574,4.23235,0
-2.2701,4.24706,0
-2.2828,4.26176,0
-2.2701,4.27647,0
-2.2574,4.29118,0
-2.2701,4.30588,0
-2.2828,4.32059,0
-2.2701,4.33529,0
-2.2574,4.35,0
-2.2701,4.36471,0
-2.2828,4.37941,0
-2.2701,4.39412,0
-2.2574,4.40882,0
-2.2701,4.42353,0
-2.2828,4.43824,0
-2.2701,4.45294,0
-2.2574,4.46765,0
-2.2701,4.48235,0
-2.2828,4.49706,0
-2.2701,4.51176,0
-2.2574,4.52647,0
-2.2701,4.54118,0
-2.2828,4.55588,0
-2.2701,4.57059,0
-2.2574,4.58529,0
-2.2701,4.6,0
 -2.2701,4,0
-2.2701,4.7,0
offset
0.004
-2.2701,4.1,0
-2.2661,4.1,0
 line -2.2701,4.1,0 -2.2661,4.1,0 
line -2.2701,4.6,0 -2.2661,4.6,0 
z e region w -2.2828,4.1,0 -2.2534,4.6,0 
extrude -2.2701,4.1,0  1.13287 0
0
-array -2.2701,4.1,0  R 1 1 


 z e
_zoom w -2.69297,4.1,0.06713 -1.67297,5.52555,0.06713 spline
-2.18297,4.1,0.06713
-2.17027,4.11471,0.06713
-2.18297,4.12941,0.06713
-2.19567,4.14412,0.06713
-2.18297,4.15882,0.06713
-2.17027,4.17353,0.06713
-2.18297,4.18824,0.06713
-2.19567,4.20294,0.06713
-2.18297,4.21765,0.06713
-2.17027,4.23235,0.06713
-2.18297,4.24706,0.06713
-2.19567,4.26176,0.06713
-2.18297,4.27647,0.06713
-2.17027,4.29118,0.06713
-2.18297,4.30588,0.06713
-2.19567,4.32059,0.06713
-2.18297,4.33529,0.06713
-2.17027,4.35,0.06713
-2.18297,4.36471,0.06713
-2.19567,4.37941,0.06713
-2.18297,4.39412,0.06713
-2.17027,4.40882,0.06713
-2.18297,4.42353,0.06713
-2.19567,4.43824,0.06713
-2.18297,4.45294,0.06713
-2.17027,4.46765,0.06713
-2.18297,4.48235,0.06713
-2.19567,4.49706,0.06713
-2.18297,4.51176,0.06713
-2.17027,4.52647,0.06713
-2.18297,4.54118,0.06713
-2.19567,4.55588,0.06713
-2.18297,4.57059,0.06713
-2.17027,4.58529,0.06713
-2.18297,4.6,0.06713
 -2.18297,4,0.06713
-2.18297,4.7,0.06713
offset
0.004
-2.18297,4.1,0.06713
-2.17897,4.1,0.06713
 line -2.18297,4.1,0.06713 -2.17897,4.1,0.06713 
line -2.18297,4.6,0.06713 -2.17897,4.6,0.06713 
z e region w -2.19567,4.1,0.06713 -2.16627,4.6,0.06713 
extrude -2.18297,4.1,0.06713  1.41555 0
0
-array -2.18297,4.1,0.06713  R 1 1 


 z e
_zoom w -2.60585,4.1,0 -1.58585,5.24287,0 spline
-2.09585,4.1,0
-2.08315,4.11471,0
-2.09585,4.12941,0
-2.10855,4.14412,0
-2.09585,4.15882,0
-2.08315,4.17353,0
-2.09585,4.18824,0
-2.10855,4.20294,0
-2.09585,4.21765,0
-2.08315,4.23235,0
-2.09585,4.24706,0
-2.10855,4.26176,0
-2.09585,4.27647,0
-2.08315,4.29118,0
-2.09585,4.30588,0
-2.10855,4.32059,0
-2.09585,4.33529,0
-2.08315,4.35,0
-2.09585,4.36471,0
-2.10855,4.37941,0
-2.09585,4.39412,0
-2.08315,4.40882,0
-2.09585,4.42353,0
-2.10855,4.43824,0
-2.09585,4.45294,0
-2.08315,4.46765,0
-2.09585,4.48235,0
-2.10855,4.49706,0
-2.09585,4.51176,0
-2.08315,4.52647,0
-2.09585,4.54118,0
-2.10855,4.55588,0
-2.09585,4.57059,0
-2.08315,4.58529,0
-2.09585,4.6,0
 -2.09585,4,0
-2.09585,4.7,0
offset
0.004
-2.09585,4.1,0
-2.09185,4.1,0
 line -2.09585,4.1,0 -2.09185,4.1,0 
line -2.09585,4.6,0 -2.09185,4.6,0 
z e region w -2.10855,4.1,0 -2.07915,4.6,0 
extrude -2.09585,4.1,0  1.13287 0
0
-array -2.09585,4.1,0  R 1 1 


 z e
_zoom w -2.51872,4.1,0.06713 -1.49872,5.52555,0.06713 spline
-2.00872,4.1,0.06713
-1.99602,4.11471,0.06713
-2.00872,4.12941,0.06713
-2.02142,4.14412,0.06713
-2.00872,4.15882,0.06713
-1.99602,4.17353,0.06713
-2.00872,4.18824,0.06713
-2.02142,4.20294,0.06713
-2.00872,4.21765,0.06713
-1.99602,4.23235,0.06713
-2.00872,4.24706,0.06713
-2.02142,4.26176,0.06713
-2.00872,4.27647,0.06713
-1.99602,4.29118,0.06713
-2.00872,4.30588,0.06713
-2.02142,4.32059,0.06713
-2.00872,4.33529,0.06713
-1.99602,4.35,0.06713
-2.00872,4.36471,0.06713
-2.02142,4.37941,0.06713
-2.00872,4.39412,0.06713
-1.99602,4.40882,0.06713
-2.00872,4.42353,0.06713
-2.02142,4.43824,0.06713
-2.00872,4.45294,0.06713
-1.99602,4.46765,0.06713
-2.00872,4.48235,0.06713
-2.02142,4.49706,0.06713
-2.00872,4.51176,0.06713
-1.99602,4.52647,0.06713
-2.00872,4.54118,0.06713
-2.02142,4.55588,0.06713
-2.00872,4.57059,0.06713
-1.99602,4.58529,0.06713
-2.00872,4.6,0.06713
 -2.00872,4,0.06713
-2.00872,4.7,0.06713
offset
0.004
-2.00872,4.1,0.06713
-2.00472,4.1,0.06713
 line -2.00872,4.1,0.06713 -2.00472,4.1,0.06713 
line -2.00872,4.6,0.06713 -2.00472,4.6,0.06713 
z e region w -2.02142,4.1,0.06713 -1.99202,4.6,0.06713 
extrude -2.00872,4.1,0.06713  1.41555 0
0
-array -2.00872,4.1,0.06713  R 1 1 


 z e
_zoom w -2.4316,4.1,0 -1.4116,5.24287,0 spline
-1.9216,4.1,0
-1.9089,4.11471,0
-1.9216,4.12941,0
-1.9343,4.14412,0
-1.9216,4.15882,0
-1.9089,4.17353,0
-1.9216,4.18824,0
-1.9343,4.20294,0
-1.9216,4.21765,0
-1.9089,4.23235,0
-1.9216,4.24706,0
-1.9343,4.26176,0
-1.9216,4.27647,0
-1.9089,4.29118,0
-1.9216,4.30588,0
-1.9343,4.32059,0
-1.9216,4.33529,0
-1.9089,4.35,0
-1.9216,4.36471,0
-1.9343,4.37941,0
-1.9216,4.39412,0
-1.9089,4.40882,0
-1.9216,4.42353,0
-1.9343,4.43824,0
-1.9216,4.45294,0
-1.9089,4.46765,0
-1.9216,4.48235,0
-1.9343,4.49706,0
-1.9216,4.51176,0
-1.9089,4.52647,0
-1.9216,4.54118,0
-1.9343,4.55588,0
-1.9216,4.57059,0
-1.9089,4.58529,0
-1.9216,4.6,0
 -1.9216,4,0
-1.9216,4.7,0
offset
0.004
-1.9216,4.1,0
-1.9176,4.1,0
 line -1.9216,4.1,0 -1.9176,4.1,0 
line -1.9216,4.6,0 -1.9176,4.6,0 
z e region w -1.9343,4.1,0 -1.9049,4.6,0 
extrude -1.9216,4.1,0  1.13287 0
0
-array -1.9216,4.1,0  R 1 1 


 z e
_zoom w -2.34447,4.1,0.06713 -1.32447,5.52555,0.06713 spline
-1.83447,4.1,0.06713
-1.82177,4.11471,0.06713
-1.83447,4.12941,0.06713
-1.84717,4.14412,0.06713
-1.83447,4.15882,0.06713
-1.82177,4.17353,0.06713
-1.83447,4.18824,0.06713
-1.84717,4.20294,0.06713
-1.83447,4.21765,0.06713
-1.82177,4.23235,0.06713
-1.83447,4.24706,0.06713
-1.84717,4.26176,0.06713
-1.83447,4.27647,0.06713
-1.82177,4.29118,0.06713
-1.83447,4.30588,0.06713
-1.84717,4.32059,0.06713
-1.83447,4.33529,0.06713
-1.82177,4.35,0.06713
-1.83447,4.36471,0.06713
-1.84717,4.37941,0.06713
-1.83447,4.39412,0.06713
-1.82177,4.40882,0.06713
-1.83447,4.42353,0.06713
-1.84717,4.43824,0.06713
-1.83447,4.45294,0.06713
-1.82177,4.46765,0.06713
-1.83447,4.48235,0.06713
-1.84717,4.49706,0.06713
-1.83447,4.51176,0.06713
-1.82177,4.52647,0.06713
-1.83447,4.54118,0.06713
-1.84717,4.55588,0.06713
-1.83447,4.57059,0.06713
-1.82177,4.58529,0.06713
-1.83447,4.6,0.06713
 -1.83447,4,0.06713
-1.83447,4.7,0.06713
offset
0.004
-1.83447,4.1,0.06713
-1.83047,4.1,0.06713
 line -1.83447,4.1,0.06713 -1.83047,4.1,0.06713 
line -1.83447,4.6,0.06713 -1.83047,4.6,0.06713 
z e region w -1.84717,4.1,0.06713 -1.81777,4.6,0.06713 
extrude -1.83447,4.1,0.06713  1.41555 0
0
-array -1.83447,4.1,0.06713  R 1 1 


 z e
_zoom w -2.25734,4.1,0 -1.23734,5.24287,0 spline
-1.74734,4.1,0
-1.73464,4.11471,0
-1.74734,4.12941,0
-1.76004,4.14412,0
-1.74734,4.15882,0
-1.73464,4.17353,0
-1.74734,4.18824,0
-1.76004,4.20294,0
-1.74734,4.21765,0
-1.73464,4.23235,0
-1.74734,4.24706,0
-1.76004,4.26176,0
-1.74734,4.27647,0
-1.73464,4.29118,0
-1.74734,4.30588,0
-1.76004,4.32059,0
-1.74734,4.33529,0
-1.73464,4.35,0
-1.74734,4.36471,0
-1.76004,4.37941,0
-1.74734,4.39412,0
-1.73464,4.40882,0
-1.74734,4.42353,0
-1.76004,4.43824,0
-1.74734,4.45294,0
-1.73464,4.46765,0
-1.74734,4.48235,0
-1.76004,4.49706,0
-1.74734,4.51176,0
-1.73464,4.52647,0
-1.74734,4.54118,0
-1.76004,4.55588,0
-1.74734,4.57059,0
-1.73464,4.58529,0
-1.74734,4.6,0
 -1.74734,4,0
-1.74734,4.7,0
offset
0.004
-1.74734,4.1,0
-1.74334,4.1,0
 line -1.74734,4.1,0 -1.74334,4.1,0 
line -1.74734,4.6,0 -1.74334,4.6,0 
z e region w -1.76004,4.1,0 -1.73064,4.6,0 
extrude -1.74734,4.1,0  1.13287 0
0
-array -1.74734,4.1,0  R 1 1 


 z e
_zoom w -2.17022,4.1,0.06713 -1.15022,5.52555,0.06713 spline
-1.66022,4.1,0.06713
-1.64752,4.11471,0.06713
-1.66022,4.12941,0.06713
-1.67292,4.14412,0.06713
-1.66022,4.15882,0.06713
-1.64752,4.17353,0.06713
-1.66022,4.18824,0.06713
-1.67292,4.20294,0.06713
-1.66022,4.21765,0.06713
-1.64752,4.23235,0.06713
-1.66022,4.24706,0.06713
-1.67292,4.26176,0.06713
-1.66022,4.27647,0.06713
-1.64752,4.29118,0.06713
-1.66022,4.30588,0.06713
-1.67292,4.32059,0.06713
-1.66022,4.33529,0.06713
-1.64752,4.35,0.06713
-1.66022,4.36471,0.06713
-1.67292,4.37941,0.06713
-1.66022,4.39412,0.06713
-1.64752,4.40882,0.06713
-1.66022,4.42353,0.06713
-1.67292,4.43824,0.06713
-1.66022,4.45294,0.06713
-1.64752,4.46765,0.06713
-1.66022,4.48235,0.06713
-1.67292,4.49706,0.06713
-1.66022,4.51176,0.06713
-1.64752,4.52647,0.06713
-1.66022,4.54118,0.06713
-1.67292,4.55588,0.06713
-1.66022,4.57059,0.06713
-1.64752,4.58529,0.06713
-1.66022,4.6,0.06713
 -1.66022,4,0.06713
-1.66022,4.7,0.06713
offset
0.004
-1.66022,4.1,0.06713
-1.65622,4.1,0.06713
 line -1.66022,4.1,0.06713 -1.65622,4.1,0.06713 
line -1.66022,4.6,0.06713 -1.65622,4.6,0.06713 
z e region w -1.67292,4.1,0.06713 -1.64352,4.6,0.06713 
extrude -1.66022,4.1,0.06713  1.41555 0
0
-array -1.66022,4.1,0.06713  R 1 1 


 z e
_zoom w -2.08309,4.1,0 -1.06309,5.24287,0 spline
-1.57309,4.1,0
-1.56039,4.11471,0
-1.57309,4.12941,0
-1.58579,4.14412,0
-1.57309,4.15882,0
-1.56039,4.17353,0
-1.57309,4.18824,0
-1.58579,4.20294,0
-1.57309,4.21765,0
-1.56039,4.23235,0
-1.57309,4.24706,0
-1.58579,4.26176,0
-1.57309,4.27647,0
-1.56039,4.29118,0
-1.57309,4.30588,0
-1.58579,4.32059,0
-1.57309,4.33529,0
-1.56039,4.35,0
-1.57309,4.36471,0
-1.58579,4.37941,0
-1.57309,4.39412,0
-1.56039,4.40882,0
-1.57309,4.42353,0
-1.58579,4.43824,0
-1.57309,4.45294,0
-1.56039,4.46765,0
-1.57309,4.48235,0
-1.58579,4.49706,0
-1.57309,4.51176,0
-1.56039,4.52647,0
-1.57309,4.54118,0
-1.58579,4.55588,0
-1.57309,4.57059,0
-1.56039,4.58529,0
-1.57309,4.6,0
 -1.57309,4,0
-1.57309,4.7,0
offset
0.004
-1.57309,4.1,0
-1.56909,4.1,0
 line -1.57309,4.1,0 -1.56909,4.1,0 
line -1.57309,4.6,0 -1.56909,4.6,0 
z e region w -1.58579,4.1,0 -1.55639,4.6,0 
extrude -1.57309,4.1,0  1.13287 0
0
-array -1.57309,4.1,0  R 1 1 


 z e
_zoom w -1.99597,4.1,0.06713 -0.97597,5.52555,0.06713 spline
-1.48597,4.1,0.06713
-1.47327,4.11471,0.06713
-1.48597,4.12941,0.06713
-1.49867,4.14412,0.06713
-1.48597,4.15882,0.06713
-1.47327,4.17353,0.06713
-1.48597,4.18824,0.06713
-1.49867,4.20294,0.06713
-1.48597,4.21765,0.06713
-1.47327,4.23235,0.06713
-1.48597,4.24706,0.06713
-1.49867,4.26176,0.06713
-1.48597,4.27647,0.06713
-1.47327,4.29118,0.06713
-1.48597,4.30588,0.06713
-1.49867,4.32059,0.06713
-1.48597,4.33529,0.06713
-1.47327,4.35,0.06713
-1.48597,4.36471,0.06713
-1.49867,4.37941,0.06713
-1.48597,4.39412,0.06713
-1.47327,4.40882,0.06713
-1.48597,4.42353,0.06713
-1.49867,4.43824,0.06713
-1.48597,4.45294,0.06713
-1.47327,4.46765,0.06713
-1.48597,4.48235,0.06713
-1.49867,4.49706,0.06713
-1.48597,4.51176,0.06713
-1.47327,4.52647,0.06713
-1.48597,4.54118,0.06713
-1.49867,4.55588,0.06713
-1.48597,4.57059,0.06713
-1.47327,4.58529,0.06713
-1.48597,4.6,0.06713
 -1.48597,4,0.06713
-1.48597,4.7,0.06713
offset
0.004
-1.48597,4.1,0.06713
-1.48197,4.1,0.06713
 line -1.48597,4.1,0.06713 -1.48197,4.1,0.06713 
line -1.48597,4.6,0.06713 -1.48197,4.6,0.06713 
z e region w -1.49867,4.1,0.06713 -1.46927,4.6,0.06713 
extrude -1.48597,4.1,0.06713  1.41555 0
0
-array -1.48597,4.1,0.06713  R 1 1 


 z e
_zoom w -1.90884,4.1,0 -0.88884,5.24287,0 spline
-1.39884,4.1,0
-1.38614,4.11471,0
-1.39884,4.12941,0
-1.41154,4.14412,0
-1.39884,4.15882,0
-1.38614,4.17353,0
-1.39884,4.18824,0
-1.41154,4.20294,0
-1.39884,4.21765,0
-1.38614,4.23235,0
-1.39884,4.24706,0
-1.41154,4.26176,0
-1.39884,4.27647,0
-1.38614,4.29118,0
-1.39884,4.30588,0
-1.41154,4.32059,0
-1.39884,4.33529,0
-1.38614,4.35,0
-1.39884,4.36471,0
-1.41154,4.37941,0
-1.39884,4.39412,0
-1.38614,4.40882,0
-1.39884,4.42353,0
-1.41154,4.43824,0
-1.39884,4.45294,0
-1.38614,4.46765,0
-1.39884,4.48235,0
-1.41154,4.49706,0
-1.39884,4.51176,0
-1.38614,4.52647,0
-1.39884,4.54118,0
-1.41154,4.55588,0
-1.39884,4.57059,0
-1.38614,4.58529,0
-1.39884,4.6,0
 -1.39884,4,0
-1.39884,4.7,0
offset
0.004
-1.39884,4.1,0
-1.39484,4.1,0
 line -1.39884,4.1,0 -1.39484,4.1,0 
line -1.39884,4.6,0 -1.39484,4.6,0 
z e region w -1.41154,4.1,0 -1.38214,4.6,0 
extrude -1.39884,4.1,0  1.13287 0
0
-array -1.39884,4.1,0  R 1 1 


 z e
_zoom w -1.82172,4.1,0.06713 -0.80172,5.52555,0.06713 spline
-1.31172,4.1,0.06713
-1.29902,4.11471,0.06713
-1.31172,4.12941,0.06713
-1.32442,4.14412,0.06713
-1.31172,4.15882,0.06713
-1.29902,4.17353,0.06713
-1.31172,4.18824,0.06713
-1.32442,4.20294,0.06713
-1.31172,4.21765,0.06713
-1.29902,4.23235,0.06713
-1.31172,4.24706,0.06713
-1.32442,4.26176,0.06713
-1.31172,4.27647,0.06713
-1.29902,4.29118,0.06713
-1.31172,4.30588,0.06713
-1.32442,4.32059,0.06713
-1.31172,4.33529,0.06713
-1.29902,4.35,0.06713
-1.31172,4.36471,0.06713
-1.32442,4.37941,0.06713
-1.31172,4.39412,0.06713
-1.29902,4.40882,0.06713
-1.31172,4.42353,0.06713
-1.32442,4.43824,0.06713
-1.31172,4.45294,0.06713
-1.29902,4.46765,0.06713
-1.31172,4.48235,0.06713
-1.32442,4.49706,0.06713
-1.31172,4.51176,0.06713
-1.29902,4.52647,0.06713
-1.31172,4.54118,0.06713
-1.32442,4.55588,0.06713
-1.31172,4.57059,0.06713
-1.29902,4.58529,0.06713
-1.31172,4.6,0.06713
 -1.31172,4,0.06713
-1.31172,4.7,0.06713
offset
0.004
-1.31172,4.1,0.06713
-1.30772,4.1,0.06713
 line -1.31172,4.1,0.06713 -1.30772,4.1,0.06713 
line -1.31172,4.6,0.06713 -1.30772,4.6,0.06713 
z e region w -1.32442,4.1,0.06713 -1.29502,4.6,0.06713 
extrude -1.31172,4.1,0.06713  1.41555 0
0
-array -1.31172,4.1,0.06713  R 1 1 


 z e
_zoom w -1.73459,4.1,0 -0.71459,5.24287,0 spline
-1.22459,4.1,0
-1.21189,4.11471,0
-1.22459,4.12941,0
-1.23729,4.14412,0
-1.22459,4.15882,0
-1.21189,4.17353,0
-1.22459,4.18824,0
-1.23729,4.20294,0
-1.22459,4.21765,0
-1.21189,4.23235,0
-1.22459,4.24706,0
-1.23729,4.26176,0
-1.22459,4.27647,0
-1.21189,4.29118,0
-1.22459,4.30588,0
-1.23729,4.32059,0
-1.22459,4.33529,0
-1.21189,4.35,0
-1.22459,4.36471,0
-1.23729,4.37941,0
-1.22459,4.39412,0
-1.21189,4.40882,0
-1.22459,4.42353,0
-1.23729,4.43824,0
-1.22459,4.45294,0
-1.21189,4.46765,0
-1.22459,4.48235,0
-1.23729,4.49706,0
-1.22459,4.51176,0
-1.21189,4.52647,0
-1.22459,4.54118,0
-1.23729,4.55588,0
-1.22459,4.57059,0
-1.21189,4.58529,0
-1.22459,4.6,0
 -1.22459,4,0
-1.22459,4.7,0
offset
0.004
-1.22459,4.1,0
-1.22059,4.1,0
 line -1.22459,4.1,0 -1.22059,4.1,0 
line -1.22459,4.6,0 -1.22059,4.6,0 
z e region w -1.23729,4.1,0 -1.20789,4.6,0 
extrude -1.22459,4.1,0  1.13287 0
0
-array -1.22459,4.1,0  R 1 1 


 z e
_zoom w -1.64747,4.1,0.06713 -0.62747,5.52555,0.06713 spline
-1.13747,4.1,0.06713
-1.12477,4.11471,0.06713
-1.13747,4.12941,0.06713
-1.15017,4.14412,0.06713
-1.13747,4.15882,0.06713
-1.12477,4.17353,0.06713
-1.13747,4.18824,0.06713
-1.15017,4.20294,0.06713
-1.13747,4.21765,0.06713
-1.12477,4.23235,0.06713
-1.13747,4.24706,0.06713
-1.15017,4.26176,0.06713
-1.13747,4.27647,0.06713
-1.12477,4.29118,0.06713
-1.13747,4.30588,0.06713
-1.15017,4.32059,0.06713
-1.13747,4.33529,0.06713
-1.12477,4.35,0.06713
-1.13747,4.36471,0.06713
-1.15017,4.37941,0.06713
-1.13747,4.39412,0.06713
-1.12477,4.40882,0.06713
-1.13747,4.42353,0.06713
-1.15017,4.43824,0.06713
-1.13747,4.45294,0.06713
-1.12477,4.46765,0.06713
-1.13747,4.48235,0.06713
-1.15017,4.49706,0.06713
-1.13747,4.51176,0.06713
-1.12477,4.52647,0.06713
-1.13747,4.54118,0.06713
-1.15017,4.55588,0.06713
-1.13747,4.57059,0.06713
-1.12477,4.58529,0.06713
-1.13747,4.6,0.06713
 -1.13747,4,0.06713
-1.13747,4.7,0.06713
offset
0.004
-1.13747,4.1,0.06713
-1.13347,4.1,0.06713
 line -1.13747,4.1,0.06713 -1.13347,4.1,0.06713 
line -1.13747,4.6,0.06713 -1.13347,4.6,0.06713 
z e region w -1.15017,4.1,0.06713 -1.12077,4.6,0.06713 
extrude -1.13747,4.1,0.06713  1.41555 0
0
-array -1.13747,4.1,0.06713  R 1 1 


 z e
_zoom w -1.54123,4.1,0 -0.52123,5.22376,0 spline
-1.03123,4.1,0
-1.01853,4.11471,0
-1.03123,4.12941,0
-1.04393,4.14412,0
-1.03123,4.15882,0
-1.01853,4.17353,0
-1.03123,4.18824,0
-1.04393,4.20294,0
-1.03123,4.21765,0
-1.01853,4.23235,0
-1.03123,4.24706,0
-1.04393,4.26176,0
-1.03123,4.27647,0
-1.01853,4.29118,0
-1.03123,4.30588,0
-1.04393,4.32059,0
-1.03123,4.33529,0
-1.01853,4.35,0
-1.03123,4.36471,0
-1.04393,4.37941,0
-1.03123,4.39412,0
-1.01853,4.40882,0
-1.03123,4.42353,0
-1.04393,4.43824,0
-1.03123,4.45294,0
-1.01853,4.46765,0
-1.03123,4.48235,0
-1.04393,4.49706,0
-1.03123,4.51176,0
-1.01853,4.52647,0
-1.03123,4.54118,0
-1.04393,4.55588,0
-1.03123,4.57059,0
-1.01853,4.58529,0
-1.03123,4.6,0
 -1.03123,4,0
-1.03123,4.7,0
offset
0.004
-1.03123,4.1,0
-1.02723,4.1,0
 line -1.03123,4.1,0 -1.02723,4.1,0 
line -1.03123,4.6,0 -1.02723,4.6,0 
z e region w -1.04393,4.1,0 -1.01453,4.6,0 
extrude -1.03123,4.1,0  1.11376 0
0
-array -1.03123,4.1,0  R 1 1 


 z e
_zoom w -1.43499,4.1,0.08624 -0.41499,5.50644,0.08624 spline
-0.92499,4.1,0.08624
-0.91229,4.11471,0.08624
-0.92499,4.12941,0.08624
-0.93769,4.14412,0.08624
-0.92499,4.15882,0.08624
-0.91229,4.17353,0.08624
-0.92499,4.18824,0.08624
-0.93769,4.20294,0.08624
-0.92499,4.21765,0.08624
-0.91229,4.23235,0.08624
-0.92499,4.24706,0.08624
-0.93769,4.26176,0.08624
-0.92499,4.27647,0.08624
-0.91229,4.29118,0.08624
-0.92499,4.30588,0.08624
-0.93769,4.32059,0.08624
-0.92499,4.33529,0.08624
-0.91229,4.35,0.08624
-0.92499,4.36471,0.08624
-0.93769,4.37941,0.08624
-0.92499,4.39412,0.08624
-0.91229,4.40882,0.08624
-0.92499,4.42353,0.08624
-0.93769,4.43824,0.08624
-0.92499,4.45294,0.08624
-0.91229,4.46765,0.08624
-0.92499,4.48235,0.08624
-0.93769,4.49706,0.08624
-0.92499,4.51176,0.08624
-0.91229,4.52647,0.08624
-0.92499,4.54118,0.08624
-0.93769,4.55588,0.08624
-0.92499,4.57059,0.08624
-0.91229,4.58529,0.08624
-0.92499,4.6,0.08624
 -0.92499,4,0.08624
-0.92499,4.7,0.08624
offset
0.004
-0.92499,4.1,0.08624
-0.92099,4.1,0.08624
 line -0.92499,4.1,0.08624 -0.92099,4.1,0.08624 
line -0.92499,4.6,0.08624 -0.92099,4.6,0.08624 
z e region w -0.93769,4.1,0.08624 -0.90829,4.6,0.08624 
extrude -0.92499,4.1,0.08624  1.39644 0
0
-array -0.92499,4.1,0.08624  R 1 1 


 z e
_zoom w -1.32875,4.1,0 -0.30875,5.22376,0 spline
-0.81875,4.1,0
-0.80605,4.11471,0
-0.81875,4.12941,0
-0.83145,4.14412,0
-0.81875,4.15882,0
-0.80605,4.17353,0
-0.81875,4.18824,0
-0.83145,4.20294,0
-0.81875,4.21765,0
-0.80605,4.23235,0
-0.81875,4.24706,0
-0.83145,4.26176,0
-0.81875,4.27647,0
-0.80605,4.29118,0
-0.81875,4.30588,0
-0.83145,4.32059,0
-0.81875,4.33529,0
-0.80605,4.35,0
-0.81875,4.36471,0
-0.83145,4.37941,0
-0.81875,4.39412,0
-0.80605,4.40882,0
-0.81875,4.42353,0
-0.83145,4.43824,0
-0.81875,4.45294,0
-0.80605,4.46765,0
-0.81875,4.48235,0
-0.83145,4.49706,0
-0.81875,4.51176,0
-0.80605,4.52647,0
-0.81875,4.54118,0
-0.83145,4.55588,0
-0.81875,4.57059,0
-0.80605,4.58529,0
-0.81875,4.6,0
 -0.81875,4,0
-0.81875,4.7,0
offset
0.004
-0.81875,4.1,0
-0.81475,4.1,0
 line -0.81875,4.1,0 -0.81475,4.1,0 
line -0.81875,4.6,0 -0.81475,4.6,0 
z e region w -0.83145,4.1,0 -0.80205,4.6,0 
extrude -0.81875,4.1,0  1.11376 0
0
-array -0.81875,4.1,0  R 1 1 


 z e
_zoom w -1.22251,4.1,0.08624 -0.20251,5.50644,0.08624 spline
-0.71251,4.1,0.08624
-0.69981,4.11471,0.08624
-0.71251,4.12941,0.08624
-0.72521,4.14412,0.08624
-0.71251,4.15882,0.08624
-0.69981,4.17353,0.08624
-0.71251,4.18824,0.08624
-0.72521,4.20294,0.08624
-0.71251,4.21765,0.08624
-0.69981,4.23235,0.08624
-0.71251,4.24706,0.08624
-0.72521,4.26176,0.08624
-0.71251,4.27647,0.08624
-0.69981,4.29118,0.08624
-0.71251,4.30588,0.08624
-0.72521,4.32059,0.08624
-0.71251,4.33529,0.08624
-0.69981,4.35,0.08624
-0.71251,4.36471,0.08624
-0.72521,4.37941,0.08624
-0.71251,4.39412,0.08624
-0.69981,4.40882,0.08624
-0.71251,4.42353,0.08624
-0.72521,4.43824,0.08624
-0.71251,4.45294,0.08624
-0.69981,4.46765,0.08624
-0.71251,4.48235,0.08624
-0.72521,4.49706,0.08624
-0.71251,4.51176,0.08624
-0.69981,4.52647,0.08624
-0.71251,4.54118,0.08624
-0.72521,4.55588,0.08624
-0.71251,4.57059,0.08624
-0.69981,4.58529,0.08624
-0.71251,4.6,0.08624
 -0.71251,4,0.08624
-0.71251,4.7,0.08624
offset
0.004
-0.71251,4.1,0.08624
-0.70851,4.1,0.08624
 line -0.71251,4.1,0.08624 -0.70851,4.1,0.08624 
line -0.71251,4.6,0.08624 -0.70851,4.6,0.08624 
z e region w -0.72521,4.1,0.08624 -0.69581,4.6,0.08624 
extrude -0.71251,4.1,0.08624  1.39644 0
0
-array -0.71251,4.1,0.08624  R 1 1 


 z e
_zoom w -1.11627,4.1,0 -0.09627,5.22376,0 spline
-0.60627,4.1,0
-0.59357,4.11471,0
-0.60627,4.12941,0
-0.61897,4.14412,0
-0.60627,4.15882,0
-0.59357,4.17353,0
-0.60627,4.18824,0
-0.61897,4.20294,0
-0.60627,4.21765,0
-0.59357,4.23235,0
-0.60627,4.24706,0
-0.61897,4.26176,0
-0.60627,4.27647,0
-0.59357,4.29118,0
-0.60627,4.30588,0
-0.61897,4.32059,0
-0.60627,4.33529,0
-0.59357,4.35,0
-0.60627,4.36471,0
-0.61897,4.37941,0
-0.60627,4.39412,0
-0.59357,4.40882,0
-0.60627,4.42353,0
-0.61897,4.43824,0
-0.60627,4.45294,0
-0.59357,4.46765,0
-0.60627,4.48235,0
-0.61897,4.49706,0
-0.60627,4.51176,0
-0.59357,4.52647,0
-0.60627,4.54118,0
-0.61897,4.55588,0
-0.60627,4.57059,0
-0.59357,4.58529,0
-0.60627,4.6,0
 -0.60627,4,0
-0.60627,4.7,0
offset
0.004
-0.60627,4.1,0
-0.60227,4.1,0
 line -0.60627,4.1,0 -0.60227,4.1,0 
line -0.60627,4.6,0 -0.60227,4.6,0 
z e region w -0.61897,4.1,0 -0.58957,4.6,0 
extrude -0.60627,4.1,0  1.11376 0
0
-array -0.60627,4.1,0  R 1 1 


 z e
_zoom w -1.01003,4.1,0.08624 0.00997,5.50644,0.08624 spline
-0.50003,4.1,0.08624
-0.48733,4.11471,0.08624
-0.50003,4.12941,0.08624
-0.51273,4.14412,0.08624
-0.50003,4.15882,0.08624
-0.48733,4.17353,0.08624
-0.50003,4.18824,0.08624
-0.51273,4.20294,0.08624
-0.50003,4.21765,0.08624
-0.48733,4.23235,0.08624
-0.50003,4.24706,0.08624
-0.51273,4.26176,0.08624
-0.50003,4.27647,0.08624
-0.48733,4.29118,0.08624
-0.50003,4.30588,0.08624
-0.51273,4.32059,0.08624
-0.50003,4.33529,0.08624
-0.48733,4.35,0.08624
-0.50003,4.36471,0.08624
-0.51273,4.37941,0.08624
-0.50003,4.39412,0.08624
-0.48733,4.40882,0.08624
-0.50003,4.42353,0.08624
-0.51273,4.43824,0.08624
-0.50003,4.45294,0.08624
-0.48733,4.46765,0.08624
-0.50003,4.48235,0.08624
-0.51273,4.49706,0.08624
-0.50003,4.51176,0.08624
-0.48733,4.52647,0.08624
-0.50003,4.54118,0.08624
-0.51273,4.55588,0.08624
-0.50003,4.57059,0.08624
-0.48733,4.58529,0.08624
-0.50003,4.6,0.08624
 -0.50003,4,0.08624
-0.50003,4.7,0.08624
offset
0.004
-0.50003,4.1,0.08624
-0.49603,4.1,0.08624
 line -0.50003,4.1,0.08624 -0.49603,4.1,0.08624 
line -0.50003,4.6,0.08624 -0.49603,4.6,0.08624 
z e region w -0.51273,4.1,0.08624 -0.48333,4.6,0.08624 
extrude -0.50003,4.1,0.08624  1.39644 0
0
-array -0.50003,4.1,0.08624  R 1 1 


 z e
_zoom w -0.90379,4.1,0 0.11621,5.22376,0 spline
-0.39379,4.1,0
-0.38109,4.11471,0
-0.39379,4.12941,0
-0.40649,4.14412,0
-0.39379,4.15882,0
-0.38109,4.17353,0
-0.39379,4.18824,0
-0.40649,4.20294,0
-0.39379,4.21765,0
-0.38109,4.23235,0
-0.39379,4.24706,0
-0.40649,4.26176,0
-0.39379,4.27647,0
-0.38109,4.29118,0
-0.39379,4.30588,0
-0.40649,4.32059,0
-0.39379,4.33529,0
-0.38109,4.35,0
-0.39379,4.36471,0
-0.40649,4.37941,0
-0.39379,4.39412,0
-0.38109,4.40882,0
-0.39379,4.42353,0
-0.40649,4.43824,0
-0.39379,4.45294,0
-0.38109,4.46765,0
-0.39379,4.48235,0
-0.40649,4.49706,0
-0.39379,4.51176,0
-0.38109,4.52647,0
-0.39379,4.54118,0
-0.40649,4.55588,0
-0.39379,4.57059,0
-0.38109,4.58529,0
-0.39379,4.6,0
 -0.39379,4,0
-0.39379,4.7,0
offset
0.004
-0.39379,4.1,0
-0.38979,4.1,0
 line -0.39379,4.1,0 -0.38979,4.1,0 
line -0.39379,4.6,0 -0.38979,4.6,0 
z e region w -0.40649,4.1,0 -0.37709,4.6,0 
extrude -0.39379,4.1,0  1.11376 0
0
-array -0.39379,4.1,0  R 1 1 


 z e
_zoom w -0.87637,3.45,0 0.14363,4.57376,0 spline
-0.36637,3.45,0
-0.35367,3.46471,0
-0.36637,3.47941,0
-0.37907,3.49412,0
-0.36637,3.50882,0
-0.35367,3.52353,0
-0.36637,3.53824,0
-0.37907,3.55294,0
-0.36637,3.56765,0
-0.35367,3.58235,0
-0.36637,3.59706,0
-0.37907,3.61176,0
-0.36637,3.62647,0
-0.35367,3.64118,0
-0.36637,3.65588,0
-0.37907,3.67059,0
-0.36637,3.68529,0
-0.35367,3.7,0
-0.36637,3.71471,0
-0.37907,3.72941,0
-0.36637,3.74412,0
-0.35367,3.75882,0
-0.36637,3.77353,0
-0.37907,3.78824,0
-0.36637,3.80294,0
-0.35367,3.81765,0
-0.36637,3.83235,0
-0.37907,3.84706,0
-0.36637,3.86176,0
-0.35367,3.87647,0
-0.36637,3.89118,0
-0.37907,3.90588,0
-0.36637,3.92059,0
-0.35367,3.93529,0
-0.36637,3.95,0
 -0.36637,3.35,0
-0.36637,4.05,0
offset
0.004
-0.36637,3.45,0
-0.36237,3.45,0
 line -0.36637,3.45,0 -0.36237,3.45,0 
line -0.36637,3.95,0 -0.36237,3.95,0 
z e region w -0.37907,3.45,0 -0.34967,3.95,0 
extrude -0.36637,3.45,0  1.11376 0
0
-array -0.36637,3.45,0  R 1 1 


 z e
_zoom w -0.98261,3.45,0.08624 0.03739,4.85644,0.08624 spline
-0.47261,3.45,0.08624
-0.45991,3.46471,0.08624
-0.47261,3.47941,0.08624
-0.48531,3.49412,0.08624
-0.47261,3.50882,0.08624
-0.45991,3.52353,0.08624
-0.47261,3.53824,0.08624
-0.48531,3.55294,0.08624
-0.47261,3.56765,0.08624
-0.45991,3.58235,0.08624
-0.47261,3.59706,0.08624
-0.48531,3.61176,0.08624
-0.47261,3.62647,0.08624
-0.45991,3.64118,0.08624
-0.47261,3.65588,0.08624
-0.48531,3.67059,0.08624
-0.47261,3.68529,0.08624
-0.45991,3.7,0.08624
-0.47261,3.71471,0.08624
-0.48531,3.72941,0.08624
-0.47261,3.74412,0.08624
-0.45991,3.75882,0.08624
-0.47261,3.77353,0.08624
-0.48531,3.78824,0.08624
-0.47261,3.80294,0.08624
-0.45991,3.81765,0.08624
-0.47261,3.83235,0.08624
-0.48531,3.84706,0.08624
-0.47261,3.86176,0.08624
-0.45991,3.87647,0.08624
-0.47261,3.89118,0.08624
-0.48531,3.90588,0.08624
-0.47261,3.92059,0.08624
-0.45991,3.93529,0.08624
-0.47261,3.95,0.08624
 -0.47261,3.35,0.08624
-0.47261,4.05,0.08624
offset
0.004
-0.47261,3.45,0.08624
-0.46861,3.45,0.08624
 line -0.47261,3.45,0.08624 -0.46861,3.45,0.08624 
line -0.47261,3.95,0.08624 -0.46861,3.95,0.08624 
z e region w -0.48531,3.45,0.08624 -0.45591,3.95,0.08624 
extrude -0.47261,3.45,0.08624  1.39644 0
0
-array -0.47261,3.45,0.08624  R 1 1 


 z e
_zoom w -1.08885,3.45,0 -0.06885,4.57376,0 spline
-0.57885,3.45,0
-0.56615,3.46471,0
-0.57885,3.47941,0
-0.59155,3.49412,0
-0.57885,3.50882,0
-0.56615,3.52353,0
-0.57885,3.53824,0
-0.59155,3.55294,0
-0.57885,3.56765,0
-0.56615,3.58235,0
-0.57885,3.59706,0
-0.59155,3.61176,0
-0.57885,3.62647,0
-0.56615,3.64118,0
-0.57885,3.65588,0
-0.59155,3.67059,0
-0.57885,3.68529,0
-0.56615,3.7,0
-0.57885,3.71471,0
-0.59155,3.72941,0
-0.57885,3.74412,0
-0.56615,3.75882,0
-0.57885,3.77353,0
-0.59155,3.78824,0
-0.57885,3.80294,0
-0.56615,3.81765,0
-0.57885,3.83235,0
-0.59155,3.84706,0
-0.57885,3.86176,0
-0.56615,3.87647,0
-0.57885,3.89118,0
-0.59155,3.90588,0
-0.57885,3.92059,0
-0.56615,3.93529,0
-0.57885,3.95,0
 -0.57885,3.35,0
-0.57885,4.05,0
offset
0.004
-0.57885,3.45,0
-0.57485,3.45,0
 line -0.57885,3.45,0 -0.57485,3.45,0 
line -0.57885,3.95,0 -0.57485,3.95,0 
z e region w -0.59155,3.45,0 -0.56215,3.95,0 
extrude -0.57885,3.45,0  1.11376 0
0
-array -0.57885,3.45,0  R 1 1 


 z e
_zoom w -1.19509,3.45,0.08624 -0.17509,4.85644,0.08624 spline
-0.68509,3.45,0.08624
-0.67239,3.46471,0.08624
-0.68509,3.47941,0.08624
-0.69779,3.49412,0.08624
-0.68509,3.50882,0.08624
-0.67239,3.52353,0.08624
-0.68509,3.53824,0.08624
-0.69779,3.55294,0.08624
-0.68509,3.56765,0.08624
-0.67239,3.58235,0.08624
-0.68509,3.59706,0.08624
-0.69779,3.61176,0.08624
-0.68509,3.62647,0.08624
-0.67239,3.64118,0.08624
-0.68509,3.65588,0.08624
-0.69779,3.67059,0.08624
-0.68509,3.68529,0.08624
-0.67239,3.7,0.08624
-0.68509,3.71471,0.08624
-0.69779,3.72941,0.08624
-0.68509,3.74412,0.08624
-0.67239,3.75882,0.08624
-0.68509,3.77353,0.08624
-0.69779,3.78824,0.08624
-0.68509,3.80294,0.08624
-0.67239,3.81765,0.08624
-0.68509,3.83235,0.08624
-0.69779,3.84706,0.08624
-0.68509,3.86176,0.08624
-0.67239,3.87647,0.08624
-0.68509,3.89118,0.08624
-0.69779,3.90588,0.08624
-0.68509,3.92059,0.08624
-0.67239,3.93529,0.08624
-0.68509,3.95,0.08624
 -0.68509,3.35,0.08624
-0.68509,4.05,0.08624
offset
0.004
-0.68509,3.45,0.08624
-0.68109,3.45,0.08624
 line -0.68509,3.45,0.08624 -0.68109,3.45,0.08624 
line -0.68509,3.95,0.08624 -0.68109,3.95,0.08624 
z e region w -0.69779,3.45,0.08624 -0.66839,3.95,0.08624 
extrude -0.68509,3.45,0.08624  1.39644 0
0
-array -0.68509,3.45,0.08624  R 1 1 


 z e
_zoom w -1.30133,3.45,0 -0.28133,4.57376,0 spline
-0.79133,3.45,0
-0.77863,3.46471,0
-0.79133,3.47941,0
-0.80403,3.49412,0
-0.79133,3.50882,0
-0.77863,3.52353,0
-0.79133,3.53824,0
-0.80403,3.55294,0
-0.79133,3.56765,0
-0.77863,3.58235,0
-0.79133,3.59706,0
-0.80403,3.61176,0
-0.79133,3.62647,0
-0.77863,3.64118,0
-0.79133,3.65588,0
-0.80403,3.67059,0
-0.79133,3.68529,0
-0.77863,3.7,0
-0.79133,3.71471,0
-0.80403,3.72941,0
-0.79133,3.74412,0
-0.77863,3.75882,0
-0.79133,3.77353,0
-0.80403,3.78824,0
-0.79133,3.80294,0
-0.77863,3.81765,0
-0.79133,3.83235,0
-0.80403,3.84706,0
-0.79133,3.86176,0
-0.77863,3.87647,0
-0.79133,3.89118,0
-0.80403,3.90588,0
-0.79133,3.92059,0
-0.77863,3.93529,0
-0.79133,3.95,0
 -0.79133,3.35,0
-0.79133,4.05,0
offset
0.004
-0.79133,3.45,0
-0.78733,3.45,0
 line -0.79133,3.45,0 -0.78733,3.45,0 
line -0.79133,3.95,0 -0.78733,3.95,0 
z e region w -0.80403,3.45,0 -0.77463,3.95,0 
extrude -0.79133,3.45,0  1.11376 0
0
-array -0.79133,3.45,0  R 1 1 


 z e
_zoom w -1.40757,3.45,0.08624 -0.38757,4.85644,0.08624 spline
-0.89757,3.45,0.08624
-0.88487,3.46471,0.08624
-0.89757,3.47941,0.08624
-0.91027,3.49412,0.08624
-0.89757,3.50882,0.08624
-0.88487,3.52353,0.08624
-0.89757,3.53824,0.08624
-0.91027,3.55294,0.08624
-0.89757,3.56765,0.08624
-0.88487,3.58235,0.08624
-0.89757,3.59706,0.08624
-0.91027,3.61176,0.08624
-0.89757,3.62647,0.08624
-0.88487,3.64118,0.08624
-0.89757,3.65588,0.08624
-0.91027,3.67059,0.08624
-0.89757,3.68529,0.08624
-0.88487,3.7,0.08624
-0.89757,3.71471,0.08624
-0.91027,3.72941,0.08624
-0.89757,3.74412,0.08624
-0.88487,3.75882,0.08624
-0.89757,3.77353,0.08624
-0.91027,3.78824,0.08624
-0.89757,3.80294,0.08624
-0.88487,3.81765,0.08624
-0.89757,3.83235,0.08624
-0.91027,3.84706,0.08624
-0.89757,3.86176,0.08624
-0.88487,3.87647,0.08624
-0.89757,3.89118,0.08624
-0.91027,3.90588,0.08624
-0.89757,3.92059,0.08624
-0.88487,3.93529,0.08624
-0.89757,3.95,0.08624
 -0.89757,3.35,0.08624
-0.89757,4.05,0.08624
offset
0.004
-0.89757,3.45,0.08624
-0.89357,3.45,0.08624
 line -0.89757,3.45,0.08624 -0.89357,3.45,0.08624 
line -0.89757,3.95,0.08624 -0.89357,3.95,0.08624 
z e region w -0.91027,3.45,0.08624 -0.88087,3.95,0.08624 
extrude -0.89757,3.45,0.08624  1.39644 0
0
-array -0.89757,3.45,0.08624  R 1 1 


 z e
_zoom w -1.51381,3.45,0 -0.49381,4.57376,0 spline
-1.00381,3.45,0
-0.99111,3.46471,0
-1.00381,3.47941,0
-1.01651,3.49412,0
-1.00381,3.50882,0
-0.99111,3.52353,0
-1.00381,3.53824,0
-1.01651,3.55294,0
-1.00381,3.56765,0
-0.99111,3.58235,0
-1.00381,3.59706,0
-1.01651,3.61176,0
-1.00381,3.62647,0
-0.99111,3.64118,0
-1.00381,3.65588,0
-1.01651,3.67059,0
-1.00381,3.68529,0
-0.99111,3.7,0
-1.00381,3.71471,0
-1.01651,3.72941,0
-1.00381,3.74412,0
-0.99111,3.75882,0
-1.00381,3.77353,0
-1.01651,3.78824,0
-1.00381,3.80294,0
-0.99111,3.81765,0
-1.00381,3.83235,0
-1.01651,3.84706,0
-1.00381,3.86176,0
-0.99111,3.87647,0
-1.00381,3.89118,0
-1.01651,3.90588,0
-1.00381,3.92059,0
-0.99111,3.93529,0
-1.00381,3.95,0
 -1.00381,3.35,0
-1.00381,4.05,0
offset
0.004
-1.00381,3.45,0
-0.99981,3.45,0
 line -1.00381,3.45,0 -0.99981,3.45,0 
line -1.00381,3.95,0 -0.99981,3.95,0 
z e region w -1.01651,3.45,0 -0.98711,3.95,0 
extrude -1.00381,3.45,0  1.11376 0
0
-array -1.00381,3.45,0  R 1 1 


 z e
_zoom w -1.62005,3.45,0.08624 -0.60005,4.85644,0.08624 spline
-1.11005,3.45,0.08624
-1.09735,3.46471,0.08624
-1.11005,3.47941,0.08624
-1.12275,3.49412,0.08624
-1.11005,3.50882,0.08624
-1.09735,3.52353,0.08624
-1.11005,3.53824,0.08624
-1.12275,3.55294,0.08624
-1.11005,3.56765,0.08624
-1.09735,3.58235,0.08624
-1.11005,3.59706,0.08624
-1.12275,3.61176,0.08624
-1.11005,3.62647,0.08624
-1.09735,3.64118,0.08624
-1.11005,3.65588,0.08624
-1.12275,3.67059,0.08624
-1.11005,3.68529,0.08624
-1.09735,3.7,0.08624
-1.11005,3.71471,0.08624
-1.12275,3.72941,0.08624
-1.11005,3.74412,0.08624
-1.09735,3.75882,0.08624
-1.11005,3.77353,0.08624
-1.12275,3.78824,0.08624
-1.11005,3.80294,0.08624
-1.09735,3.81765,0.08624
-1.11005,3.83235,0.08624
-1.12275,3.84706,0.08624
-1.11005,3.86176,0.08624
-1.09735,3.87647,0.08624
-1.11005,3.89118,0.08624
-1.12275,3.90588,0.08624
-1.11005,3.92059,0.08624
-1.09735,3.93529,0.08624
-1.11005,3.95,0.08624
 -1.11005,3.35,0.08624
-1.11005,4.05,0.08624
offset
0.004
-1.11005,3.45,0.08624
-1.10605,3.45,0.08624
 line -1.11005,3.45,0.08624 -1.10605,3.45,0.08624 
line -1.11005,3.95,0.08624 -1.10605,3.95,0.08624 
z e region w -1.12275,3.45,0.08624 -1.09335,3.95,0.08624 
extrude -1.11005,3.45,0.08624  1.39644 0
0
-array -1.11005,3.45,0.08624  R 1 1 


 z e
_zoom w -1.72629,3.45,0 -0.70629,4.57376,0 spline
-1.21629,3.45,0
-1.20359,3.46471,0
-1.21629,3.47941,0
-1.22899,3.49412,0
-1.21629,3.50882,0
-1.20359,3.52353,0
-1.21629,3.53824,0
-1.22899,3.55294,0
-1.21629,3.56765,0
-1.20359,3.58235,0
-1.21629,3.59706,0
-1.22899,3.61176,0
-1.21629,3.62647,0
-1.20359,3.64118,0
-1.21629,3.65588,0
-1.22899,3.67059,0
-1.21629,3.68529,0
-1.20359,3.7,0
-1.21629,3.71471,0
-1.22899,3.72941,0
-1.21629,3.74412,0
-1.20359,3.75882,0
-1.21629,3.77353,0
-1.22899,3.78824,0
-1.21629,3.80294,0
-1.20359,3.81765,0
-1.21629,3.83235,0
-1.22899,3.84706,0
-1.21629,3.86176,0
-1.20359,3.87647,0
-1.21629,3.89118,0
-1.22899,3.90588,0
-1.21629,3.92059,0
-1.20359,3.93529,0
-1.21629,3.95,0
 -1.21629,3.35,0
-1.21629,4.05,0
offset
0.004
-1.21629,3.45,0
-1.21229,3.45,0
 line -1.21629,3.45,0 -1.21229,3.45,0 
line -1.21629,3.95,0 -1.21229,3.95,0 
z e region w -1.22899,3.45,0 -1.19959,3.95,0 
extrude -1.21629,3.45,0  1.11376 0
0
-array -1.21629,3.45,0  R 1 1 


 z e
_zoom w -1.83253,3.45,0.08624 -0.81253,4.85644,0.08624 spline
-1.32253,3.45,0.08624
-1.30983,3.46471,0.08624
-1.32253,3.47941,0.08624
-1.33523,3.49412,0.08624
-1.32253,3.50882,0.08624
-1.30983,3.52353,0.08624
-1.32253,3.53824,0.08624
-1.33523,3.55294,0.08624
-1.32253,3.56765,0.08624
-1.30983,3.58235,0.08624
-1.32253,3.59706,0.08624
-1.33523,3.61176,0.08624
-1.32253,3.62647,0.08624
-1.30983,3.64118,0.08624
-1.32253,3.65588,0.08624
-1.33523,3.67059,0.08624
-1.32253,3.68529,0.08624
-1.30983,3.7,0.08624
-1.32253,3.71471,0.08624
-1.33523,3.72941,0.08624
-1.32253,3.74412,0.08624
-1.30983,3.75882,0.08624
-1.32253,3.77353,0.08624
-1.33523,3.78824,0.08624
-1.32253,3.80294,0.08624
-1.30983,3.81765,0.08624
-1.32253,3.83235,0.08624
-1.33523,3.84706,0.08624
-1.32253,3.86176,0.08624
-1.30983,3.87647,0.08624
-1.32253,3.89118,0.08624
-1.33523,3.90588,0.08624
-1.32253,3.92059,0.08624
-1.30983,3.93529,0.08624
-1.32253,3.95,0.08624
 -1.32253,3.35,0.08624
-1.32253,4.05,0.08624
offset
0.004
-1.32253,3.45,0.08624
-1.31853,3.45,0.08624
 line -1.32253,3.45,0.08624 -1.31853,3.45,0.08624 
line -1.32253,3.95,0.08624 -1.31853,3.95,0.08624 
z e region w -1.33523,3.45,0.08624 -1.30583,3.95,0.08624 
extrude -1.32253,3.45,0.08624  1.39644 0
0
-array -1.32253,3.45,0.08624  R 1 1 


 z e
_zoom w -1.93877,3.45,0 -0.91877,4.57376,0 spline
-1.42877,3.45,0
-1.41607,3.46471,0
-1.42877,3.47941,0
-1.44147,3.49412,0
-1.42877,3.50882,0
-1.41607,3.52353,0
-1.42877,3.53824,0
-1.44147,3.55294,0
-1.42877,3.56765,0
-1.41607,3.58235,0
-1.42877,3.59706,0
-1.44147,3.61176,0
-1.42877,3.62647,0
-1.41607,3.64118,0
-1.42877,3.65588,0
-1.44147,3.67059,0
-1.42877,3.68529,0
-1.41607,3.7,0
-1.42877,3.71471,0
-1.44147,3.72941,0
-1.42877,3.74412,0
-1.41607,3.75882,0
-1.42877,3.77353,0
-1.44147,3.78824,0
-1.42877,3.80294,0
-1.41607,3.81765,0
-1.42877,3.83235,0
-1.44147,3.84706,0
-1.42877,3.86176,0
-1.41607,3.87647,0
-1.42877,3.89118,0
-1.44147,3.90588,0
-1.42877,3.92059,0
-1.41607,3.93529,0
-1.42877,3.95,0
 -1.42877,3.35,0
-1.42877,4.05,0
offset
0.004
-1.42877,3.45,0
-1.42477,3.45,0
 line -1.42877,3.45,0 -1.42477,3.45,0 
line -1.42877,3.95,0 -1.42477,3.95,0 
z e region w -1.44147,3.45,0 -1.41207,3.95,0 
extrude -1.42877,3.45,0  1.11376 0
0
-array -1.42877,3.45,0  R 1 1 


 z e
_zoom w -2.10221,3.45,0.14345 -1.08221,4.79923,0.14345 spline
-1.59221,3.45,0.14345
-1.57951,3.46471,0.14345
-1.59221,3.47941,0.14345
-1.60491,3.49412,0.14345
-1.59221,3.50882,0.14345
-1.57951,3.52353,0.14345
-1.59221,3.53824,0.14345
-1.60491,3.55294,0.14345
-1.59221,3.56765,0.14345
-1.57951,3.58235,0.14345
-1.59221,3.59706,0.14345
-1.60491,3.61176,0.14345
-1.59221,3.62647,0.14345
-1.57951,3.64118,0.14345
-1.59221,3.65588,0.14345
-1.60491,3.67059,0.14345
-1.59221,3.68529,0.14345
-1.57951,3.7,0.14345
-1.59221,3.71471,0.14345
-1.60491,3.72941,0.14345
-1.59221,3.74412,0.14345
-1.57951,3.75882,0.14345
-1.59221,3.77353,0.14345
-1.60491,3.78824,0.14345
-1.59221,3.80294,0.14345
-1.57951,3.81765,0.14345
-1.59221,3.83235,0.14345
-1.60491,3.84706,0.14345
-1.59221,3.86176,0.14345
-1.57951,3.87647,0.14345
-1.59221,3.89118,0.14345
-1.60491,3.90588,0.14345
-1.59221,3.92059,0.14345
-1.57951,3.93529,0.14345
-1.59221,3.95,0.14345
 -1.59221,3.35,0.14345
-1.59221,4.05,0.14345
offset
0.004
-1.59221,3.45,0.14345
-1.58821,3.45,0.14345
 line -1.59221,3.45,0.14345 -1.58821,3.45,0.14345 
line -1.59221,3.95,0.14345 -1.58821,3.95,0.14345 
z e region w -1.60491,3.45,0.14345 -1.57551,3.95,0.14345 
extrude -1.59221,3.45,0.14345  1.33923 0
0
-array -1.59221,3.45,0.14345  R 1 1 


 z e
_zoom w -2.26566,3.45,0 -1.24566,4.51655,0 spline
-1.75566,3.45,0
-1.74296,3.46471,0
-1.75566,3.47941,0
-1.76836,3.49412,0
-1.75566,3.50882,0
-1.74296,3.52353,0
-1.75566,3.53824,0
-1.76836,3.55294,0
-1.75566,3.56765,0
-1.74296,3.58235,0
-1.75566,3.59706,0
-1.76836,3.61176,0
-1.75566,3.62647,0
-1.74296,3.64118,0
-1.75566,3.65588,0
-1.76836,3.67059,0
-1.75566,3.68529,0
-1.74296,3.7,0
-1.75566,3.71471,0
-1.76836,3.72941,0
-1.75566,3.74412,0
-1.74296,3.75882,0
-1.75566,3.77353,0
-1.76836,3.78824,0
-1.75566,3.80294,0
-1.74296,3.81765,0
-1.75566,3.83235,0
-1.76836,3.84706,0
-1.75566,3.86176,0
-1.74296,3.87647,0
-1.75566,3.89118,0
-1.76836,3.90588,0
-1.75566,3.92059,0
-1.74296,3.93529,0
-1.75566,3.95,0
 -1.75566,3.35,0
-1.75566,4.05,0
offset
0.004
-1.75566,3.45,0
-1.75166,3.45,0
 line -1.75566,3.45,0 -1.75166,3.45,0 
line -1.75566,3.95,0 -1.75166,3.95,0 
z e region w -1.76836,3.45,0 -1.73896,3.95,0 
extrude -1.75566,3.45,0  1.05655 0
0
-array -1.75566,3.45,0  R 1 1 


 z e
_zoom w -2.4291,3.45,0.14345 -1.4091,4.79923,0.14345 spline
-1.9191,3.45,0.14345
-1.9064,3.46471,0.14345
-1.9191,3.47941,0.14345
-1.9318,3.49412,0.14345
-1.9191,3.50882,0.14345
-1.9064,3.52353,0.14345
-1.9191,3.53824,0.14345
-1.9318,3.55294,0.14345
-1.9191,3.56765,0.14345
-1.9064,3.58235,0.14345
-1.9191,3.59706,0.14345
-1.9318,3.61176,0.14345
-1.9191,3.62647,0.14345
-1.9064,3.64118,0.14345
-1.9191,3.65588,0.14345
-1.9318,3.67059,0.14345
-1.9191,3.68529,0.14345
-1.9064,3.7,0.14345
-1.9191,3.71471,0.14345
-1.9318,3.72941,0.14345
-1.9191,3.74412,0.14345
-1.9064,3.75882,0.14345
-1.9191,3.77353,0.14345
-1.9318,3.78824,0.14345
-1.9191,3.80294,0.14345
-1.9064,3.81765,0.14345
-1.9191,3.83235,0.14345
-1.9318,3.84706,0.14345
-1.9191,3.86176,0.14345
-1.9064,3.87647,0.14345
-1.9191,3.89118,0.14345
-1.9318,3.90588,0.14345
-1.9191,3.92059,0.14345
-1.9064,3.93529,0.14345
-1.9191,3.95,0.14345
 -1.9191,3.35,0.14345
-1.9191,4.05,0.14345
offset
0.004
-1.9191,3.45,0.14345
-1.9151,3.45,0.14345
 line -1.9191,3.45,0.14345 -1.9151,3.45,0.14345 
line -1.9191,3.95,0.14345 -1.9151,3.95,0.14345 
z e region w -1.9318,3.45,0.14345 -1.9024,3.95,0.14345 
extrude -1.9191,3.45,0.14345  1.33923 0
0
-array -1.9191,3.45,0.14345  R 1 1 


 z e
_zoom w -2.59255,3.45,0 -1.57255,4.51655,0 spline
-2.08255,3.45,0
-2.06985,3.46471,0
-2.08255,3.47941,0
-2.09525,3.49412,0
-2.08255,3.50882,0
-2.06985,3.52353,0
-2.08255,3.53824,0
-2.09525,3.55294,0
-2.08255,3.56765,0
-2.06985,3.58235,0
-2.08255,3.59706,0
-2.09525,3.61176,0
-2.08255,3.62647,0
-2.06985,3.64118,0
-2.08255,3.65588,0
-2.09525,3.67059,0
-2.08255,3.68529,0
-2.06985,3.7,0
-2.08255,3.71471,0
-2.09525,3.72941,0
-2.08255,3.74412,0
-2.06985,3.75882,0
-2.08255,3.77353,0
-2.09525,3.78824,0
-2.08255,3.80294,0
-2.06985,3.81765,0
-2.08255,3.83235,0
-2.09525,3.84706,0
-2.08255,3.86176,0
-2.06985,3.87647,0
-2.08255,3.89118,0
-2.09525,3.90588,0
-2.08255,3.92059,0
-2.06985,3.93529,0
-2.08255,3.95,0
 -2.08255,3.35,0
-2.08255,4.05,0
offset
0.004
-2.08255,3.45,0
-2.07855,3.45,0
 line -2.08255,3.45,0 -2.07855,3.45,0 
line -2.08255,3.95,0 -2.07855,3.95,0 
z e region w -2.09525,3.45,0 -2.06585,3.95,0 
extrude -2.08255,3.45,0  1.05655 0
0
-array -2.08255,3.45,0  R 1 1 


 z e
_zoom w -2.75599,3.45,0.14345 -1.73599,4.79923,0.14345 spline
-2.24599,3.45,0.14345
-2.23329,3.46471,0.14345
-2.24599,3.47941,0.14345
-2.25869,3.49412,0.14345
-2.24599,3.50882,0.14345
-2.23329,3.52353,0.14345
-2.24599,3.53824,0.14345
-2.25869,3.55294,0.14345
-2.24599,3.56765,0.14345
-2.23329,3.58235,0.14345
-2.24599,3.59706,0.14345
-2.25869,3.61176,0.14345
-2.24599,3.62647,0.14345
-2.23329,3.64118,0.14345
-2.24599,3.65588,0.14345
-2.25869,3.67059,0.14345
-2.24599,3.68529,0.14345
-2.23329,3.7,0.14345
-2.24599,3.71471,0.14345
-2.25869,3.72941,0.14345
-2.24599,3.74412,0.14345
-2.23329,3.75882,0.14345
-2.24599,3.77353,0.14345
-2.25869,3.78824,0.14345
-2.24599,3.80294,0.14345
-2.23329,3.81765,0.14345
-2.24599,3.83235,0.14345
-2.25869,3.84706,0.14345
-2.24599,3.86176,0.14345
-2.23329,3.87647,0.14345
-2.24599,3.89118,0.14345
-2.25869,3.90588,0.14345
-2.24599,3.92059,0.14345
-2.23329,3.93529,0.14345
-2.24599,3.95,0.14345
 -2.24599,3.35,0.14345
-2.24599,4.05,0.14345
offset
0.004
-2.24599,3.45,0.14345
-2.24199,3.45,0.14345
 line -2.24599,3.45,0.14345 -2.24199,3.45,0.14345 
line -2.24599,3.95,0.14345 -2.24199,3.95,0.14345 
z e region w -2.25869,3.45,0.14345 -2.22929,3.95,0.14345 
extrude -2.24599,3.45,0.14345  1.33923 0
0
-array -2.24599,3.45,0.14345  R 1 1 


 z e
_zoom w -2.91944,3.45,0 -1.89944,4.51655,0 spline
-2.40944,3.45,0
-2.39674,3.46471,0
-2.40944,3.47941,0
-2.42214,3.49412,0
-2.40944,3.50882,0
-2.39674,3.52353,0
-2.40944,3.53824,0
-2.42214,3.55294,0
-2.40944,3.56765,0
-2.39674,3.58235,0
-2.40944,3.59706,0
-2.42214,3.61176,0
-2.40944,3.62647,0
-2.39674,3.64118,0
-2.40944,3.65588,0
-2.42214,3.67059,0
-2.40944,3.68529,0
-2.39674,3.7,0
-2.40944,3.71471,0
-2.42214,3.72941,0
-2.40944,3.74412,0
-2.39674,3.75882,0
-2.40944,3.77353,0
-2.42214,3.78824,0
-2.40944,3.80294,0
-2.39674,3.81765,0
-2.40944,3.83235,0
-2.42214,3.84706,0
-2.40944,3.86176,0
-2.39674,3.87647,0
-2.40944,3.89118,0
-2.42214,3.90588,0
-2.40944,3.92059,0
-2.39674,3.93529,0
-2.40944,3.95,0
 -2.40944,3.35,0
-2.40944,4.05,0
offset
0.004
-2.40944,3.45,0
-2.40544,3.45,0
 line -2.40944,3.45,0 -2.40544,3.45,0 
line -2.40944,3.95,0 -2.40544,3.95,0 
z e region w -2.42214,3.45,0 -2.39274,3.95,0 
extrude -2.40944,3.45,0  1.05655 0
0
-array -2.40944,3.45,0  R 1 1 


 z e
_zoom w -3.08288,3.45,0.14345 -2.06288,4.79923,0.14345 spline
-2.57288,3.45,0.14345
-2.56018,3.46471,0.14345
-2.57288,3.47941,0.14345
-2.58558,3.49412,0.14345
-2.57288,3.50882,0.14345
-2.56018,3.52353,0.14345
-2.57288,3.53824,0.14345
-2.58558,3.55294,0.14345
-2.57288,3.56765,0.14345
-2.56018,3.58235,0.14345
-2.57288,3.59706,0.14345
-2.58558,3.61176,0.14345
-2.57288,3.62647,0.14345
-2.56018,3.64118,0.14345
-2.57288,3.65588,0.14345
-2.58558,3.67059,0.14345
-2.57288,3.68529,0.14345
-2.56018,3.7,0.14345
-2.57288,3.71471,0.14345
-2.58558,3.72941,0.14345
-2.57288,3.74412,0.14345
-2.56018,3.75882,0.14345
-2.57288,3.77353,0.14345
-2.58558,3.78824,0.14345
-2.57288,3.80294,0.14345
-2.56018,3.81765,0.14345
-2.57288,3.83235,0.14345
-2.58558,3.84706,0.14345
-2.57288,3.86176,0.14345
-2.56018,3.87647,0.14345
-2.57288,3.89118,0.14345
-2.58558,3.90588,0.14345
-2.57288,3.92059,0.14345
-2.56018,3.93529,0.14345
-2.57288,3.95,0.14345
 -2.57288,3.35,0.14345
-2.57288,4.05,0.14345
offset
0.004
-2.57288,3.45,0.14345
-2.56888,3.45,0.14345
 line -2.57288,3.45,0.14345 -2.56888,3.45,0.14345 
line -2.57288,3.95,0.14345 -2.56888,3.95,0.14345 
z e region w -2.58558,3.45,0.14345 -2.55618,3.95,0.14345 
extrude -2.57288,3.45,0.14345  1.33923 0
0
-array -2.57288,3.45,0.14345  R 1 1 


 z e
-layer s 0
  
-layer f baffle
  
