-layer m tank
c t 132,132,132
tank
  
_-view o t _zoom w 0.16,-0.16,0 -4.68932,1.16,2.12942 _box 0,0,0 -4.52932,1,2.12942 _box 0.15,-0.15,-0.15 -4.67932,1.15,2.12942 _subtract 0.15,-0.15,-0.15  0,0,0 
_cylinder -4.52932,0.5,1.30082 0.08414 -0.15 _rotate3d -4.44519,0.5,1.30082  y -4.52932,0.5,1.30082 90
_subtract 0,0,0  -4.52932,0.58414,1.82942 
-layer s 0
  
-layer f tank
  
-layer m slopes
c t 214,214,214
slopes
  
_zoom w -0.5,0,0 0,0.86603,0
_pline 0,0 -0.5,0 0,0.86603 0,0 
_extrude 0,0,0  4.52932
_rotate3d 0,0,0  x 0,0,0 90
_rotate3d 0,0,0  z 0,0,0 270
_mirror3d 0,0,0  zx 0,0.5,0 n
_box -4.52932,0.45555,-0.0889 0,0.54445,0.19978
-layer t tank
  
_-view o t
_subtract 0,0,0 0,1,0 0,-0.15,0  -4.52932,0.45555,-0.0889 
-layer s 0
  
-layer f slopes
  
-layer m channel
c t 214,214,214
channel
  
_-view o t _zoom w -4.28464,-0.3,1.82942 -2.98464,0.24469,1.82942 _box -4.28464,-0.15,1.82942 -2.98464,0.09469,2.12942 _box -4.28464,-0.3,1.67942 -2.98464,0.24469,2.12942 _subtract -4.28464,0.24469  -4.29464,-0.31 -2.97464,0.25469 
_rotate -4.28464,-0.15,1.82942  -4.28464,-0.15,1.82942 90
_-view o t
_cylinder -4.40698,0.89603,1.82942 0.08414 -0.15 _cylinder -4.40698,0.6881,1.82942 0.08414 -0.15 _cylinder -4.40698,0.3119,1.82942 0.08414 -0.15
_cylinder -4.40698,0.10397,1.82942 0.08414 -0.15 _subtract -4.28464,-0.15,1.82942  -4.32284,0.98017,1.82942 -4.49112,0.01983,1.82942 
-layer s 0
  
-layer t tank
  
-layer t slopes
  
_union all 
-layer f channel
  
-layer m pipe
c t 0,255,255
pipe
  
_-view o t _zoom w -4.50112,0.8019,1.82942 -4.31284,0.99017,1.82942 _cylinder -4.40698,0.89603,1.82942 0.08414 -0.5062 _cylinder -4.40698,0.89603,1.82942 0.06986 -0.5062 _subtract -4.32284,0.89603,1.82942  -4.33712,0.89603,1.82942 
_-view o t _zoom w -4.50112,0.59397,1.82942 -4.31284,0.78224,1.82942 _cylinder -4.40698,0.6881,1.82942 0.08414 -0.5062 _cylinder -4.40698,0.6881,1.82942 0.06986 -0.5062 _subtract -4.32284,0.6881,1.82942  -4.33712,0.6881,1.82942 
_-view o t _zoom w -4.50112,0.21776,1.82942 -4.31284,0.40603,1.82942 _cylinder -4.40698,0.3119,1.82942 0.08414 -0.5062 _cylinder -4.40698,0.3119,1.82942 0.06986 -0.5062 _subtract -4.32284,0.3119,1.82942  -4.33712,0.3119,1.82942 
_-view o t _zoom w -4.50112,0.00983,1.82942 -4.31284,0.1981,1.82942 _cylinder -4.40698,0.10397,1.82942 0.08414 -0.5062 _cylinder -4.40698,0.10397,1.82942 0.06986 -0.5062 _subtract -4.32284,0.10397,1.82942  -4.33712,0.10397,1.82942 
_-view o t _zoom w -4.27252,0.8019,1.09463 -4.08424,0.99017,1.09463 _cylinder -4.17838,0.89603,1.09463 0.08414 2.28008 _cylinder -4.17838,0.89603,1.09463 0.06986 2.28008 _subtract -4.09424,0.89603,1.09463  -4.10852,0.89603,1.09463 
_rotate3d -4.10852,0.89603,1.09463  y -4.17838,0.89603,1.09463 90
_rotate3d -4.17838,0.9659,1.16449  z -4.40698,0.89603,1.82942 -8.31884
_-view o t _zoom w -4.27252,0.59397,1.09463 -4.08424,0.78224,1.09463 _cylinder -4.17838,0.6881,1.09463 0.08414 0.02484 _cylinder -4.17838,0.6881,1.09463 0.06986 0.02484 _subtract -4.09424,0.6881,1.09463  -4.10852,0.6881,1.09463 
_rotate3d -4.10852,0.6881,1.09463  y -4.17838,0.6881,1.09463 90
_rotate3d -4.17838,0.75797,1.16449  z -4.40698,0.6881,1.82942 -24.28344
_-view o t _zoom w -4.27252,0.21776,1.09463 -4.08424,0.40603,1.09463 _cylinder -4.17838,0.3119,1.09463 0.08414 1.11908 _cylinder -4.17838,0.3119,1.09463 0.06986 1.11908 _subtract -4.09424,0.3119,1.09463  -4.10852,0.3119,1.09463 
_rotate3d -4.10852,0.3119,1.09463  y -4.17838,0.3119,1.09463 90
_rotate3d -4.17838,0.38176,1.16449  z -4.40698,0.3119,1.82942 6.80567
_-view o t _zoom w -4.27252,0.00983,1.09463 -4.08424,0.1981,1.09463 _cylinder -4.17838,0.10397,1.09463 0.08414 3.39036 _cylinder -4.17838,0.10397,1.09463 0.06986 3.39036 _subtract -4.09424,0.10397,1.09463  -4.10852,0.10397,1.09463 
_rotate3d -4.10852,0.10397,1.09463  y -4.17838,0.10397,1.09463 90
_rotate3d -4.17838,0.17383,1.16449  z -4.40698,0.10397,1.82942 5.88708
_-view o t _zoom w -4.0573,0.40586,0.24039 -3.86902,0.59414,0.24039 _cylinder -3.96316,0.5,0.24039 0.08414 0.62564 _cylinder -3.96316,0.5,0.24039 0.06986 0.62564 _subtract -3.87902,0.5,0.24039  -3.8933,0.5,0.24039 
_-view o t _zoom w -2.92496,0.40586,0.24039 -2.73669,0.59414,0.24039 _cylinder -2.83083,0.5,0.24039 0.08414 0.62564 _cylinder -2.83083,0.5,0.24039 0.06986 0.62564 _subtract -2.74669,0.5,0.24039  -2.76096,0.5,0.24039 
_-view o t _zoom w -1.79263,0.40586,0.24039 -1.60436,0.59414,0.24039 _cylinder -1.6985,0.5,0.24039 0.08414 0.62564 _cylinder -1.6985,0.5,0.24039 0.06986 0.62564 _subtract -1.61436,0.5,0.24039  -1.62863,0.5,0.24039 
_-view o t _zoom w -0.6603,0.40586,0.24039 -0.47203,0.59414,0.24039 _cylinder -0.56617,0.5,0.24039 0.08414 0.62564 _cylinder -0.56617,0.5,0.24039 0.06986 0.62564 _subtract -0.48203,0.5,0.24039  -0.4963,0.5,0.24039 
_-view o t _zoom w -4.00017,0.40586,1.52942 -3.8119,0.59414,1.52942 _cylinder -3.90604,0.5,1.52942 0.08414 0.1464 _cylinder -3.90604,0.5,1.52942 0.06986 0.1464 _subtract -3.8219,0.5,1.52942  -3.83617,0.5,1.52942 
_-view o t _zoom w -4.62346,0.40586,1.30082 -4.43519,0.59414,1.30082 _cylinder -4.52932,0.5,1.30082 0.08414 0.39469 _cylinder -4.52932,0.5,1.30082 0.06986 0.39469 _subtract -4.44519,0.5,1.30082  -4.45946,0.5,1.30082 
_rotate3d -4.45946,0.5,1.30082  y -4.52932,0.5,1.30082 90
-layer s 0
  
-layer f pipe
  
-layer m elbow
c t 0,255,0
elbow
  
_-view o t _zoom w -4.74654,0.32787,1.32323 -4.06741,1.007,1.32323 _torus -4.40698,0.66743,1.32323 0.2286 0.08414 _box -4.73654,0.33787,1.18209 -4.40698,0.997,1.46436 _subtract -4.09424,0.66743,1.32323  -4.40698,0.66743,1.32323 
_torus -4.40698,0.66743,1.32323 0.2286 0.06986 _subtract -4.09424,0.66743,1.32323  -4.70544,0.66743,1.32323  _box -4.40698,0.3447,1.22226 -4.08424,0.66743,1.42419 _subtract -4.40698,0.89603,1.32323  -4.40698,0.66743,1.32323 
_cylinder -4.40698,0.89603,1.32323 0.10096 a -4.46398,0.89603,1.32323 _cylinder -4.40698,0.89603,1.32323 0.08414 a -4.46398,0.89603,1.32323 _subtract -4.40698,0.79507,1.32323  -4.47398,0.8119,1.32323 -4.39698,0.98017,1.32323 
_mirror -4.46398,0.79507,1.32323  -4.40698,0.66743 -4.39698,0.67743  _union -4.40698,0.66743,1.32323 1 @0.31274<45 -4.17838,0.61043,1.32323 -4.46398,0.89603,1.32323 
_rotate3d -4.40698,0.89603,1.39309  x -4.40698,0.89603,1.32323 -90
_rotate3d -4.40698,0.89603,1.39309  y -4.40698,0.89603,1.32323 90
_copy -4.17838,0.89603,1.01049  -4.17838,0.89603,1.09463 -4.17838,0.6881,1.09463 -4.17838,0.3119,1.09463 -4.17838,0.10397,1.09463 
_-view o t
_rotate3d -4.17838,0.89603,1.01049  z -4.40698,0.89603,1.82942 -8.31884
_rotate3d -4.17838,0.6881,1.01049  z -4.40698,0.6881,1.82942 -24.28344
_rotate3d -4.17838,0.3119,1.01049  z -4.40698,0.3119,1.82942 6.80567
_rotate3d -4.17838,0.10397,1.01049  z -4.40698,0.10397,1.82942 5.88708
-layer s 0
  
-layer f elbow
  
-layer m elbowa
c t 0,255,0
elbowa
  
_-view o t _zoom w -4.53132,-0.06817,1.09463 -3.85219,0.61097,1.09463 _torus -4.19176,0.2714,1.09463 0.2286 0.08414 _box -4.52132,-0.05817,0.95349 -4.19176,0.60097,1.23576 _subtract -3.87902,0.2714,1.09463  -4.19176,0.2714,1.09463 
_torus -4.19176,0.2714,1.09463 0.2286 0.06986 _subtract -3.87902,0.2714,1.09463  -4.49022,0.2714,1.09463  _box -4.19176,-0.05134,0.99366 -3.86902,0.2714,1.19559 _subtract -4.19176,0.5,1.09463  -4.19176,0.2714,1.09463 
_cylinder -4.19176,0.5,1.09463 0.10096 a -4.24876,0.5,1.09463 _cylinder -4.19176,0.5,1.09463 0.08414 a -4.24876,0.5,1.09463 _subtract -4.19176,0.39904,1.09463  -4.25876,0.41586,1.09463 -4.18176,0.58414,1.09463 
_mirror -4.24876,0.39904,1.09463  -4.19176,0.2714 -4.18176,0.2814  _union -4.19176,0.2714,1.09463 1 @0.31274<45 -3.96316,0.2144,1.09463 -4.24876,0.5,1.09463 
_rotate3d -4.19176,0.5,1.16449  x -4.19176,0.5,1.09463 90
_copy -4.19176,0.5,0.24039  -4.19176,0.2714,1.09463 -3.05943,0.2714,1.09463 -1.9271,0.2714,1.09463 -0.79477,0.2714,1.09463 
_-view o t
_rotate3d -3.96316,0.41586,0.24039  z -3.96316,0.5,0.24039 -24.28344
_rotate3d -2.83083,0.41586,0.24039  z -2.83083,0.5,0.24039 6.80567
_rotate3d -1.6985,0.41586,0.24039  z -1.6985,0.5,0.24039 -8.31884
_rotate3d -0.56617,0.41586,0.24039  z -0.56617,0.5,0.24039 5.88708
-layer s 0
  
-layer f elbowa
  
-layer m elbowb
c t 0,255,0
elbowb
  
_-view o t _zoom w -4.2456,-0.06817,1.67582 -3.56647,0.61097,1.67582 _torus -3.90604,0.2714,1.67582 0.2286 0.08414 _box -4.2356,-0.05817,1.53469 -3.90604,0.60097,1.81696 _subtract -3.5933,0.2714,1.67582  -3.90604,0.2714,1.67582 
_torus -3.90604,0.2714,1.67582 0.2286 0.06986 _subtract -3.5933,0.2714,1.67582  -4.2045,0.2714,1.67582  _box -3.90604,-0.05134,1.57486 -3.5833,0.2714,1.77679 _subtract -3.90604,0.5,1.67582  -3.90604,0.2714,1.67582 
_cylinder -3.90604,0.5,1.67582 0.10096 a -3.96304,0.5,1.67582 _cylinder -3.90604,0.5,1.67582 0.08414 a -3.96304,0.5,1.67582 _subtract -3.90604,0.39904,1.67582  -3.97304,0.41586,1.67582 -3.89604,0.58414,1.67582 
_mirror -3.96304,0.39904,1.67582  -3.90604,0.2714 -3.89604,0.2814  _union -3.90604,0.2714,1.67582 1 @0.31274<45 -3.67744,0.2144,1.67582 -3.96304,0.5,1.67582 
_rotate3d -3.90604,0.5,1.74569  z -3.90604,0.5,1.67582 90
_rotate3d -3.90604,0.5,1.74569  x -3.90604,0.5,1.67582 90
_-view o t _zoom w -4.4742,-0.06817,1.30082 -3.79507,0.61097,1.30082 _torus -4.13464,0.2714,1.30082 0.2286 0.08414 _box -4.4642,-0.05817,1.15969 -4.13464,0.60097,1.44196 _subtract -3.8219,0.2714,1.30082  -4.13464,0.2714,1.30082 
_torus -4.13464,0.2714,1.30082 0.2286 0.06986 _subtract -3.8219,0.2714,1.30082  -4.4331,0.2714,1.30082  _box -4.13464,-0.05134,1.19986 -3.8119,0.2714,1.40179 _subtract -4.13464,0.5,1.30082  -4.13464,0.2714,1.30082 
_cylinder -4.13464,0.5,1.30082 0.10096 a -4.19164,0.5,1.30082 _cylinder -4.13464,0.5,1.30082 0.08414 a -4.19164,0.5,1.30082 _subtract -4.13464,0.39904,1.30082  -4.20164,0.41586,1.30082 -4.12464,0.58414,1.30082 
_mirror -4.19164,0.39904,1.30082  -4.13464,0.2714 -4.12464,0.2814  _union -4.13464,0.2714,1.30082 1 @0.31274<45 -3.90604,0.2144,1.30082 -4.19164,0.5,1.30082 
_rotate3d -4.13464,0.5,1.37069  x -4.13464,0.5,1.30082 -90
-layer s 0
  
-layer f elbowb
  
-layer m manifold
c t 0,191,255
manifold
  
_-view o t _zoom w -3.76157,0.41586,1.90442 -3.5833,0.59414,1.90442
_-view o t _zoom w -3.77157,0.40586,1.90442 -3.5833,0.59414,1.90442 _cylinder -3.67744,0.5,1.90442 0.08414 3.67744 _cylinder -3.67744,0.5,1.90442 0.06986 3.67744 _subtract -3.5933,0.5,1.90442  -3.60757,0.5,1.90442 
_cylinder -3.67744,0.5,5.48186 0.0045 a -3.67744,0.59414,5.48186 _-view o r -array 0.59414,5.48186,-3.67744  R 36 1 -0.1
_-view o t _mirror -3.6425,0.52017 -3.67744,0.5  -3.67744,0.5 -3.66744,0.51732  _subtract -3.67744,0.41586  -3.66744,0.51732 -3.67744,0.5 
_rotate3d -3.60757,0.5,1.90442  y -3.67744,0.5,1.90442 90
_rotate3d -3.67744,0.56986,1.90442  x -3.67744,0.5,1.90442 -60
-layer s 0
  
-layer f manifold
  
-layer m sludgepipe
c t 0,127,255
sludgepipe
  
_-view o t _zoom w -4.57377,0.45555,-0.0381 -4.48487,0.55445,-0.0381
_-view o t _zoom w -4.58377,0.44555,-0.0381 -4.47487,0.55445,-0.0381 _cylinder -4.52932,0.5,-0.0381 0.04445 4.52932 _cylinder -4.52932,0.5,-0.0381 0.03556 4.52932 _subtract -4.48487,0.5,-0.0381  -4.49376,0.5,-0.0381 
_cylinder -4.52932,0.5,4.39122 0.0025 a -4.52932,0.55445,4.39122
_-view o r
-array 0.55445,4.39122,-4.52932  R 45 1 -0.1 _-view o t _subtract -4.52932,0.45555  -4.51682,0.56445 -4.54182,0.49 
_rotate3d -4.49376,0.5,-0.0381  y -4.52932,0.5,-0.0381 90
_rotate3d -4.52932,0.53556,-0.0381  x -4.52932,0.5,-0.0381 90
-layer s 0
  
-layer f sludgepipe
  
-layer m lamina
c t 127,0,255
lamina
  
_zoom w -1.01,0,1 1.01,3.59304,1 spline
0,0,1
0.0127,0.02941,1
0,0.05882,1
-0.0127,0.08824,1
0,0.11765,1
0.0127,0.14706,1
0,0.17647,1
-0.0127,0.20588,1
0,0.23529,1
0.0127,0.26471,1
0,0.29412,1
-0.0127,0.32353,1
0,0.35294,1
0.0127,0.38235,1
0,0.41176,1
-0.0127,0.44118,1
0,0.47059,1
0.0127,0.5,1
0,0.52941,1
-0.0127,0.55882,1
0,0.58824,1
0.0127,0.61765,1
0,0.64706,1
-0.0127,0.67647,1
0,0.70588,1
0.0127,0.73529,1
0,0.76471,1
-0.0127,0.79412,1
0,0.82353,1
0.0127,0.85294,1
0,0.88235,1
-0.0127,0.91176,1
0,0.94118,1
0.0127,0.97059,1
0,1,1
 0,-0.1,1
0,1.1,1
offset
0.003
0,0,1
0.003,0,1
 line 0,0,1 0.003,0,1 
line 0,1,1 0.003,1,1 
z e region w -0.0127,0,1 0.0157,1,1 
extrude 0,0,1  3.58304 0
rotate3d 0,0,1  y 0,0,1 -30
-array 0,0,1  R 1 63 
-0.05

 z e
-layer s 0
  
-layer f lamina
  
-layer t slopes
  
-layer t channel
  
-layer t pipe
  
-layer t elbow
  
-layer t elbowa
  
-layer t elbowb
  
-layer t manifold
  
-layer t sludgepipe
  
-layer t lamina
  
_-view o t
-array ALL  r 3 1 1.15
-layer f pipe
  
-layer f elbow
  
-layer f elbowa
  
-layer f elbowb
  
-layer f sludgepipe
  
-layer f manifold
  
-layer f lamina
  
_union ALL 
_-view o t
_box -4.52932,0,1.82942 -4.28464,3.45,2.12942
_subtract 0,0,0  -4.52932,0,1.82942 
-layer f channel
  
