-layer m floctank
c t 91,91,91
floctank
  
_-view o t _zoom w 0.16,18.312,0 -3.76682,24.6295,3.95 _box 0,18.472,0 -3.60682,24.4695,3.95 _box 0.15,18.322,-0.15 -3.75682,24.6195,3.95 _subtract 0.15,18.322,-0.15  0,18.472,0 
-layer s 0
  
-layer f floctank
  
-layer m floctankwall
c t 91,91,91
floctankwall
  
_box -3.75682,19.5515,0 0.15,19.7015,3.95
_box -0.9357,19.5515,0 0,19.7015,1.0795
_subtract -3.75682,19.5515,0  -0.9357,19.5515,0 
_box -3.75682,20.781,0 0.15,20.931,3.95
_box -3.60682,20.631,0 -2.67112,20.781,1.0795
_subtract -3.75682,20.781,0  -3.60682,20.631,0 
_box -3.75682,22.0105,0 0.15,22.1605,3.95
_box -0.9357,21.7105,0 0,21.8605,1.0795
_subtract -3.75682,22.0105,0  -0.9357,21.7105,0 
_box -3.75682,23.24,0 0.15,23.39,3.95
_box -3.60682,22.79,0 -2.67112,22.94,1.0795
_subtract -3.75682,23.24,0  -3.60682,22.79,0 
-layer s 0
  
-layer t floctank
  
_union all 
-layer s 0
  
-layer f floctankwall
  
-layer m flocchannelhole
c t 91,91,91
flocchannelhole
  
_box -3.60682,18.322,1.94595 -3.05882,18.472,3.95
-layer s 0
  
-layer t floctankwall
  
_-view o t
_subtract 0,18.472,0  -3.60682,18.322,1.94595 
_union all 
-layer f floctankwall
  
-layer m baffle
c t 125,0,160
baffle
  
_zoom w -3.46682,23.39,0 -1.28782,27.02034,0 spline
-2.37732,23.39,0
-2.36462,23.42175,0
-2.37732,23.4535,0
-2.39002,23.48525,0
-2.37732,23.517,0
-2.36462,23.54875,0
-2.37732,23.5805,0
-2.39002,23.61225,0
-2.37732,23.644,0
-2.36462,23.67575,0
-2.37732,23.7075,0
-2.39002,23.73925,0
-2.37732,23.771,0
-2.36462,23.80275,0
-2.37732,23.8345,0
-2.39002,23.86625,0
-2.37732,23.898,0
-2.36462,23.92975,0
-2.37732,23.9615,0
-2.39002,23.99325,0
-2.37732,24.025,0
-2.36462,24.05675,0
-2.37732,24.0885,0
-2.39002,24.12025,0
-2.37732,24.152,0
-2.36462,24.18375,0
-2.37732,24.2155,0
-2.39002,24.24725,0
-2.37732,24.279,0
-2.36462,24.31075,0
-2.37732,24.3425,0
-2.39002,24.37425,0
-2.37732,24.406,0
-2.36462,24.43775,0
-2.37732,24.4695,0
 -2.37732,23.29,0
-2.37732,24.5695,0
offset
0.004
-2.37732,23.39,0
-2.37332,23.39,0
 line -2.37732,23.39,0 -2.37332,23.39,0 
line -2.37732,24.4695,0 -2.37332,24.4695,0 
z e region w -2.39002,23.39,0 -2.36062,24.4695,0 
extrude -2.37732,23.39,0  3.62034 0
0
-array -2.37732,23.39,0  R 1 1 


 z e
_zoom w -3.23317,23.39,0.22966 -1.05417,27.12034,0.22966 spline
-2.14367,23.39,0.22966
-2.13097,23.42175,0.22966
-2.14367,23.4535,0.22966
-2.15637,23.48525,0.22966
-2.14367,23.517,0.22966
-2.13097,23.54875,0.22966
-2.14367,23.5805,0.22966
-2.15637,23.61225,0.22966
-2.14367,23.644,0.22966
-2.13097,23.67575,0.22966
-2.14367,23.7075,0.22966
-2.15637,23.73925,0.22966
-2.14367,23.771,0.22966
-2.13097,23.80275,0.22966
-2.14367,23.8345,0.22966
-2.15637,23.86625,0.22966
-2.14367,23.898,0.22966
-2.13097,23.92975,0.22966
-2.14367,23.9615,0.22966
-2.15637,23.99325,0.22966
-2.14367,24.025,0.22966
-2.13097,24.05675,0.22966
-2.14367,24.0885,0.22966
-2.15637,24.12025,0.22966
-2.14367,24.152,0.22966
-2.13097,24.18375,0.22966
-2.14367,24.2155,0.22966
-2.15637,24.24725,0.22966
-2.14367,24.279,0.22966
-2.13097,24.31075,0.22966
-2.14367,24.3425,0.22966
-2.15637,24.37425,0.22966
-2.14367,24.406,0.22966
-2.13097,24.43775,0.22966
-2.14367,24.4695,0.22966
 -2.14367,23.29,0.22966
-2.14367,24.5695,0.22966
offset
0.004
-2.14367,23.39,0.22966
-2.13967,23.39,0.22966
 line -2.14367,23.39,0.22966 -2.13967,23.39,0.22966 
line -2.14367,24.4695,0.22966 -2.13967,24.4695,0.22966 
z e region w -2.15637,23.39,0.22966 -2.12697,24.4695,0.22966 
extrude -2.14367,23.39,0.22966  3.72034 0
0
-array -2.14367,23.39,0.22966  R 1 1 


 z e
_zoom w -2.99951,23.39,0 -0.82051,27.02034,0 spline
-1.91001,23.39,0
-1.89731,23.42175,0
-1.91001,23.4535,0
-1.92271,23.48525,0
-1.91001,23.517,0
-1.89731,23.54875,0
-1.91001,23.5805,0
-1.92271,23.61225,0
-1.91001,23.644,0
-1.89731,23.67575,0
-1.91001,23.7075,0
-1.92271,23.73925,0
-1.91001,23.771,0
-1.89731,23.80275,0
-1.91001,23.8345,0
-1.92271,23.86625,0
-1.91001,23.898,0
-1.89731,23.92975,0
-1.91001,23.9615,0
-1.92271,23.99325,0
-1.91001,24.025,0
-1.89731,24.05675,0
-1.91001,24.0885,0
-1.92271,24.12025,0
-1.91001,24.152,0
-1.89731,24.18375,0
-1.91001,24.2155,0
-1.92271,24.24725,0
-1.91001,24.279,0
-1.89731,24.31075,0
-1.91001,24.3425,0
-1.92271,24.37425,0
-1.91001,24.406,0
-1.89731,24.43775,0
-1.91001,24.4695,0
 -1.91001,23.29,0
-1.91001,24.5695,0
offset
0.004
-1.91001,23.39,0
-1.90601,23.39,0
 line -1.91001,23.39,0 -1.90601,23.39,0 
line -1.91001,24.4695,0 -1.90601,24.4695,0 
z e region w -1.92271,23.39,0 -1.89331,24.4695,0 
extrude -1.91001,23.39,0  3.62034 0
0
-array -1.91001,23.39,0  R 1 1 


 z e
_zoom w -2.76585,23.39,0.22966 -0.58685,27.12034,0.22966 spline
-1.67635,23.39,0.22966
-1.66365,23.42175,0.22966
-1.67635,23.4535,0.22966
-1.68905,23.48525,0.22966
-1.67635,23.517,0.22966
-1.66365,23.54875,0.22966
-1.67635,23.5805,0.22966
-1.68905,23.61225,0.22966
-1.67635,23.644,0.22966
-1.66365,23.67575,0.22966
-1.67635,23.7075,0.22966
-1.68905,23.73925,0.22966
-1.67635,23.771,0.22966
-1.66365,23.80275,0.22966
-1.67635,23.8345,0.22966
-1.68905,23.86625,0.22966
-1.67635,23.898,0.22966
-1.66365,23.92975,0.22966
-1.67635,23.9615,0.22966
-1.68905,23.99325,0.22966
-1.67635,24.025,0.22966
-1.66365,24.05675,0.22966
-1.67635,24.0885,0.22966
-1.68905,24.12025,0.22966
-1.67635,24.152,0.22966
-1.66365,24.18375,0.22966
-1.67635,24.2155,0.22966
-1.68905,24.24725,0.22966
-1.67635,24.279,0.22966
-1.66365,24.31075,0.22966
-1.67635,24.3425,0.22966
-1.68905,24.37425,0.22966
-1.67635,24.406,0.22966
-1.66365,24.43775,0.22966
-1.67635,24.4695,0.22966
 -1.67635,23.29,0.22966
-1.67635,24.5695,0.22966
offset
0.004
-1.67635,23.39,0.22966
-1.67235,23.39,0.22966
 line -1.67635,23.39,0.22966 -1.67235,23.39,0.22966 
line -1.67635,24.4695,0.22966 -1.67235,24.4695,0.22966 
z e region w -1.68905,23.39,0.22966 -1.65965,24.4695,0.22966 
extrude -1.67635,23.39,0.22966  3.72034 0
0
-array -1.67635,23.39,0.22966  R 1 1 


 z e
_zoom w -2.53219,23.39,0 -0.35319,27.02034,0 spline
-1.44269,23.39,0
-1.42999,23.42175,0
-1.44269,23.4535,0
-1.45539,23.48525,0
-1.44269,23.517,0
-1.42999,23.54875,0
-1.44269,23.5805,0
-1.45539,23.61225,0
-1.44269,23.644,0
-1.42999,23.67575,0
-1.44269,23.7075,0
-1.45539,23.73925,0
-1.44269,23.771,0
-1.42999,23.80275,0
-1.44269,23.8345,0
-1.45539,23.86625,0
-1.44269,23.898,0
-1.42999,23.92975,0
-1.44269,23.9615,0
-1.45539,23.99325,0
-1.44269,24.025,0
-1.42999,24.05675,0
-1.44269,24.0885,0
-1.45539,24.12025,0
-1.44269,24.152,0
-1.42999,24.18375,0
-1.44269,24.2155,0
-1.45539,24.24725,0
-1.44269,24.279,0
-1.42999,24.31075,0
-1.44269,24.3425,0
-1.45539,24.37425,0
-1.44269,24.406,0
-1.42999,24.43775,0
-1.44269,24.4695,0
 -1.44269,23.29,0
-1.44269,24.5695,0
offset
0.004
-1.44269,23.39,0
-1.43869,23.39,0
 line -1.44269,23.39,0 -1.43869,23.39,0 
line -1.44269,24.4695,0 -1.43869,24.4695,0 
z e region w -1.45539,23.39,0 -1.42599,24.4695,0 
extrude -1.44269,23.39,0  3.62034 0
0
-array -1.44269,23.39,0  R 1 1 


 z e
_zoom w -2.29853,23.39,0.22966 -0.11953,27.12034,0.22966 spline
-1.20903,23.39,0.22966
-1.19633,23.42175,0.22966
-1.20903,23.4535,0.22966
-1.22173,23.48525,0.22966
-1.20903,23.517,0.22966
-1.19633,23.54875,0.22966
-1.20903,23.5805,0.22966
-1.22173,23.61225,0.22966
-1.20903,23.644,0.22966
-1.19633,23.67575,0.22966
-1.20903,23.7075,0.22966
-1.22173,23.73925,0.22966
-1.20903,23.771,0.22966
-1.19633,23.80275,0.22966
-1.20903,23.8345,0.22966
-1.22173,23.86625,0.22966
-1.20903,23.898,0.22966
-1.19633,23.92975,0.22966
-1.20903,23.9615,0.22966
-1.22173,23.99325,0.22966
-1.20903,24.025,0.22966
-1.19633,24.05675,0.22966
-1.20903,24.0885,0.22966
-1.22173,24.12025,0.22966
-1.20903,24.152,0.22966
-1.19633,24.18375,0.22966
-1.20903,24.2155,0.22966
-1.22173,24.24725,0.22966
-1.20903,24.279,0.22966
-1.19633,24.31075,0.22966
-1.20903,24.3425,0.22966
-1.22173,24.37425,0.22966
-1.20903,24.406,0.22966
-1.19633,24.43775,0.22966
-1.20903,24.4695,0.22966
 -1.20903,23.29,0.22966
-1.20903,24.5695,0.22966
offset
0.004
-1.20903,23.39,0.22966
-1.20503,23.39,0.22966
 line -1.20903,23.39,0.22966 -1.20503,23.39,0.22966 
line -1.20903,24.4695,0.22966 -1.20503,24.4695,0.22966 
z e region w -1.22173,23.39,0.22966 -1.19233,24.4695,0.22966 
extrude -1.20903,23.39,0.22966  3.72034 0
0
-array -1.20903,23.39,0.22966  R 1 1 


 z e
_zoom w -2.0198,23.39,0 0.1592,26.97527,0 spline
-0.9303,23.39,0
-0.9176,23.42175,0
-0.9303,23.4535,0
-0.943,23.48525,0
-0.9303,23.517,0
-0.9176,23.54875,0
-0.9303,23.5805,0
-0.943,23.61225,0
-0.9303,23.644,0
-0.9176,23.67575,0
-0.9303,23.7075,0
-0.943,23.73925,0
-0.9303,23.771,0
-0.9176,23.80275,0
-0.9303,23.8345,0
-0.943,23.86625,0
-0.9303,23.898,0
-0.9176,23.92975,0
-0.9303,23.9615,0
-0.943,23.99325,0
-0.9303,24.025,0
-0.9176,24.05675,0
-0.9303,24.0885,0
-0.943,24.12025,0
-0.9303,24.152,0
-0.9176,24.18375,0
-0.9303,24.2155,0
-0.943,24.24725,0
-0.9303,24.279,0
-0.9176,24.31075,0
-0.9303,24.3425,0
-0.943,24.37425,0
-0.9303,24.406,0
-0.9176,24.43775,0
-0.9303,24.4695,0
 -0.9303,23.29,0
-0.9303,24.5695,0
offset
0.004
-0.9303,23.39,0
-0.9263,23.39,0
 line -0.9303,23.39,0 -0.9263,23.39,0 
line -0.9303,24.4695,0 -0.9263,24.4695,0 
z e region w -0.943,23.39,0 -0.9136,24.4695,0 
extrude -0.9303,23.39,0  3.57527 0
0
-array -0.9303,23.39,0  R 1 1 


 z e
_zoom w -2.0402,22.1605,0 0.1388,25.74577,0 spline
-0.9507,22.1605,0
-0.938,22.19225,0
-0.9507,22.224,0
-0.9634,22.25575,0
-0.9507,22.2875,0
-0.938,22.31925,0
-0.9507,22.351,0
-0.9634,22.38275,0
-0.9507,22.4145,0
-0.938,22.44625,0
-0.9507,22.478,0
-0.9634,22.50975,0
-0.9507,22.5415,0
-0.938,22.57325,0
-0.9507,22.605,0
-0.9634,22.63675,0
-0.9507,22.6685,0
-0.938,22.70025,0
-0.9507,22.732,0
-0.9634,22.76375,0
-0.9507,22.7955,0
-0.938,22.82725,0
-0.9507,22.859,0
-0.9634,22.89075,0
-0.9507,22.9225,0
-0.938,22.95425,0
-0.9507,22.986,0
-0.9634,23.01775,0
-0.9507,23.0495,0
-0.938,23.08125,0
-0.9507,23.113,0
-0.9634,23.14475,0
-0.9507,23.1765,0
-0.938,23.20825,0
-0.9507,23.24,0
 -0.9507,22.0605,0
-0.9507,23.34,0
offset
0.004
-0.9507,22.1605,0
-0.9467,22.1605,0
 line -0.9507,22.1605,0 -0.9467,22.1605,0 
line -0.9507,23.24,0 -0.9467,23.24,0 
z e region w -0.9634,22.1605,0 -0.934,23.24,0 
extrude -0.9507,22.1605,0  3.57527 0
0
-array -0.9507,22.1605,0  R 1 1 


 z e
_zoom w -2.31893,22.1605,0.27473 -0.13993,25.84577,0.27473 spline
-1.22943,22.1605,0.27473
-1.21673,22.19225,0.27473
-1.22943,22.224,0.27473
-1.24213,22.25575,0.27473
-1.22943,22.2875,0.27473
-1.21673,22.31925,0.27473
-1.22943,22.351,0.27473
-1.24213,22.38275,0.27473
-1.22943,22.4145,0.27473
-1.21673,22.44625,0.27473
-1.22943,22.478,0.27473
-1.24213,22.50975,0.27473
-1.22943,22.5415,0.27473
-1.21673,22.57325,0.27473
-1.22943,22.605,0.27473
-1.24213,22.63675,0.27473
-1.22943,22.6685,0.27473
-1.21673,22.70025,0.27473
-1.22943,22.732,0.27473
-1.24213,22.76375,0.27473
-1.22943,22.7955,0.27473
-1.21673,22.82725,0.27473
-1.22943,22.859,0.27473
-1.24213,22.89075,0.27473
-1.22943,22.9225,0.27473
-1.21673,22.95425,0.27473
-1.22943,22.986,0.27473
-1.24213,23.01775,0.27473
-1.22943,23.0495,0.27473
-1.21673,23.08125,0.27473
-1.22943,23.113,0.27473
-1.24213,23.14475,0.27473
-1.22943,23.1765,0.27473
-1.21673,23.20825,0.27473
-1.22943,23.24,0.27473
 -1.22943,22.0605,0.27473
-1.22943,23.34,0.27473
offset
0.004
-1.22943,22.1605,0.27473
-1.22543,22.1605,0.27473
 line -1.22943,22.1605,0.27473 -1.22543,22.1605,0.27473 
line -1.22943,23.24,0.27473 -1.22543,23.24,0.27473 
z e region w -1.24213,22.1605,0.27473 -1.21273,23.24,0.27473 
extrude -1.22943,22.1605,0.27473  3.67527 0
0
-array -1.22943,22.1605,0.27473  R 1 1 


 z e
_zoom w -2.59766,22.1605,0 -0.41866,25.74577,0 spline
-1.50816,22.1605,0
-1.49546,22.19225,0
-1.50816,22.224,0
-1.52086,22.25575,0
-1.50816,22.2875,0
-1.49546,22.31925,0
-1.50816,22.351,0
-1.52086,22.38275,0
-1.50816,22.4145,0
-1.49546,22.44625,0
-1.50816,22.478,0
-1.52086,22.50975,0
-1.50816,22.5415,0
-1.49546,22.57325,0
-1.50816,22.605,0
-1.52086,22.63675,0
-1.50816,22.6685,0
-1.49546,22.70025,0
-1.50816,22.732,0
-1.52086,22.76375,0
-1.50816,22.7955,0
-1.49546,22.82725,0
-1.50816,22.859,0
-1.52086,22.89075,0
-1.50816,22.9225,0
-1.49546,22.95425,0
-1.50816,22.986,0
-1.52086,23.01775,0
-1.50816,23.0495,0
-1.49546,23.08125,0
-1.50816,23.113,0
-1.52086,23.14475,0
-1.50816,23.1765,0
-1.49546,23.20825,0
-1.50816,23.24,0
 -1.50816,22.0605,0
-1.50816,23.34,0
offset
0.004
-1.50816,22.1605,0
-1.50416,22.1605,0
 line -1.50816,22.1605,0 -1.50416,22.1605,0 
line -1.50816,23.24,0 -1.50416,23.24,0 
z e region w -1.52086,22.1605,0 -1.49146,23.24,0 
extrude -1.50816,22.1605,0  3.57527 0
0
-array -1.50816,22.1605,0  R 1 1 


 z e
_zoom w -2.8764,22.1605,0.27473 -0.6974,25.84577,0.27473 spline
-1.7869,22.1605,0.27473
-1.7742,22.19225,0.27473
-1.7869,22.224,0.27473
-1.7996,22.25575,0.27473
-1.7869,22.2875,0.27473
-1.7742,22.31925,0.27473
-1.7869,22.351,0.27473
-1.7996,22.38275,0.27473
-1.7869,22.4145,0.27473
-1.7742,22.44625,0.27473
-1.7869,22.478,0.27473
-1.7996,22.50975,0.27473
-1.7869,22.5415,0.27473
-1.7742,22.57325,0.27473
-1.7869,22.605,0.27473
-1.7996,22.63675,0.27473
-1.7869,22.6685,0.27473
-1.7742,22.70025,0.27473
-1.7869,22.732,0.27473
-1.7996,22.76375,0.27473
-1.7869,22.7955,0.27473
-1.7742,22.82725,0.27473
-1.7869,22.859,0.27473
-1.7996,22.89075,0.27473
-1.7869,22.9225,0.27473
-1.7742,22.95425,0.27473
-1.7869,22.986,0.27473
-1.7996,23.01775,0.27473
-1.7869,23.0495,0.27473
-1.7742,23.08125,0.27473
-1.7869,23.113,0.27473
-1.7996,23.14475,0.27473
-1.7869,23.1765,0.27473
-1.7742,23.20825,0.27473
-1.7869,23.24,0.27473
 -1.7869,22.0605,0.27473
-1.7869,23.34,0.27473
offset
0.004
-1.7869,22.1605,0.27473
-1.7829,22.1605,0.27473
 line -1.7869,22.1605,0.27473 -1.7829,22.1605,0.27473 
line -1.7869,23.24,0.27473 -1.7829,23.24,0.27473 
z e region w -1.7996,22.1605,0.27473 -1.7702,23.24,0.27473 
extrude -1.7869,22.1605,0.27473  3.67527 0
0
-array -1.7869,22.1605,0.27473  R 1 1 


 z e
_zoom w -3.15513,22.1605,0 -0.97613,25.74577,0 spline
-2.06563,22.1605,0
-2.05293,22.19225,0
-2.06563,22.224,0
-2.07833,22.25575,0
-2.06563,22.2875,0
-2.05293,22.31925,0
-2.06563,22.351,0
-2.07833,22.38275,0
-2.06563,22.4145,0
-2.05293,22.44625,0
-2.06563,22.478,0
-2.07833,22.50975,0
-2.06563,22.5415,0
-2.05293,22.57325,0
-2.06563,22.605,0
-2.07833,22.63675,0
-2.06563,22.6685,0
-2.05293,22.70025,0
-2.06563,22.732,0
-2.07833,22.76375,0
-2.06563,22.7955,0
-2.05293,22.82725,0
-2.06563,22.859,0
-2.07833,22.89075,0
-2.06563,22.9225,0
-2.05293,22.95425,0
-2.06563,22.986,0
-2.07833,23.01775,0
-2.06563,23.0495,0
-2.05293,23.08125,0
-2.06563,23.113,0
-2.07833,23.14475,0
-2.06563,23.1765,0
-2.05293,23.20825,0
-2.06563,23.24,0
 -2.06563,22.0605,0
-2.06563,23.34,0
offset
0.004
-2.06563,22.1605,0
-2.06163,22.1605,0
 line -2.06563,22.1605,0 -2.06163,22.1605,0 
line -2.06563,23.24,0 -2.06163,23.24,0 
z e region w -2.07833,22.1605,0 -2.04893,23.24,0 
extrude -2.06563,22.1605,0  3.57527 0
0
-array -2.06563,22.1605,0  R 1 1 


 z e
_zoom w -3.52335,22.1605,0.36422 -1.34435,25.75628,0.36422 spline
-2.43385,22.1605,0.36422
-2.42115,22.19225,0.36422
-2.43385,22.224,0.36422
-2.44655,22.25575,0.36422
-2.43385,22.2875,0.36422
-2.42115,22.31925,0.36422
-2.43385,22.351,0.36422
-2.44655,22.38275,0.36422
-2.43385,22.4145,0.36422
-2.42115,22.44625,0.36422
-2.43385,22.478,0.36422
-2.44655,22.50975,0.36422
-2.43385,22.5415,0.36422
-2.42115,22.57325,0.36422
-2.43385,22.605,0.36422
-2.44655,22.63675,0.36422
-2.43385,22.6685,0.36422
-2.42115,22.70025,0.36422
-2.43385,22.732,0.36422
-2.44655,22.76375,0.36422
-2.43385,22.7955,0.36422
-2.42115,22.82725,0.36422
-2.43385,22.859,0.36422
-2.44655,22.89075,0.36422
-2.43385,22.9225,0.36422
-2.42115,22.95425,0.36422
-2.43385,22.986,0.36422
-2.44655,23.01775,0.36422
-2.43385,23.0495,0.36422
-2.42115,23.08125,0.36422
-2.43385,23.113,0.36422
-2.44655,23.14475,0.36422
-2.43385,23.1765,0.36422
-2.42115,23.20825,0.36422
-2.43385,23.24,0.36422
 -2.43385,22.0605,0.36422
-2.43385,23.34,0.36422
offset
0.004
-2.43385,22.1605,0.36422
-2.42985,22.1605,0.36422
 line -2.43385,22.1605,0.36422 -2.42985,22.1605,0.36422 
line -2.43385,23.24,0.36422 -2.42985,23.24,0.36422 
z e region w -2.44655,22.1605,0.36422 -2.41715,23.24,0.36422 
extrude -2.43385,22.1605,0.36422  3.58578 0
0
-array -2.43385,22.1605,0.36422  R 1 1 


 z e
_zoom w -3.74562,20.931,0 -1.56662,24.42678,0 spline
-2.65612,20.931,0
-2.64342,20.96275,0
-2.65612,20.9945,0
-2.66882,21.02625,0
-2.65612,21.058,0
-2.64342,21.08975,0
-2.65612,21.1215,0
-2.66882,21.15325,0
-2.65612,21.185,0
-2.64342,21.21675,0
-2.65612,21.2485,0
-2.66882,21.28025,0
-2.65612,21.312,0
-2.64342,21.34375,0
-2.65612,21.3755,0
-2.66882,21.40725,0
-2.65612,21.439,0
-2.64342,21.47075,0
-2.65612,21.5025,0
-2.66882,21.53425,0
-2.65612,21.566,0
-2.64342,21.59775,0
-2.65612,21.6295,0
-2.66882,21.66125,0
-2.65612,21.693,0
-2.64342,21.72475,0
-2.65612,21.7565,0
-2.66882,21.78825,0
-2.65612,21.82,0
-2.64342,21.85175,0
-2.65612,21.8835,0
-2.66882,21.91525,0
-2.65612,21.947,0
-2.64342,21.97875,0
-2.65612,22.0105,0
 -2.65612,20.831,0
-2.65612,22.1105,0
offset
0.004
-2.65612,20.931,0
-2.65212,20.931,0
 line -2.65612,20.931,0 -2.65212,20.931,0 
line -2.65612,22.0105,0 -2.65212,22.0105,0 
z e region w -2.66882,20.931,0 -2.63942,22.0105,0 
extrude -2.65612,20.931,0  3.48578 0
0
-array -2.65612,20.931,0  R 1 1 


 z e
_zoom w -3.3774,20.931,0.36422 -1.1984,24.52678,0.36422 spline
-2.2879,20.931,0.36422
-2.2752,20.96275,0.36422
-2.2879,20.9945,0.36422
-2.3006,21.02625,0.36422
-2.2879,21.058,0.36422
-2.2752,21.08975,0.36422
-2.2879,21.1215,0.36422
-2.3006,21.15325,0.36422
-2.2879,21.185,0.36422
-2.2752,21.21675,0.36422
-2.2879,21.2485,0.36422
-2.3006,21.28025,0.36422
-2.2879,21.312,0.36422
-2.2752,21.34375,0.36422
-2.2879,21.3755,0.36422
-2.3006,21.40725,0.36422
-2.2879,21.439,0.36422
-2.2752,21.47075,0.36422
-2.2879,21.5025,0.36422
-2.3006,21.53425,0.36422
-2.2879,21.566,0.36422
-2.2752,21.59775,0.36422
-2.2879,21.6295,0.36422
-2.3006,21.66125,0.36422
-2.2879,21.693,0.36422
-2.2752,21.72475,0.36422
-2.2879,21.7565,0.36422
-2.3006,21.78825,0.36422
-2.2879,21.82,0.36422
-2.2752,21.85175,0.36422
-2.2879,21.8835,0.36422
-2.3006,21.91525,0.36422
-2.2879,21.947,0.36422
-2.2752,21.97875,0.36422
-2.2879,22.0105,0.36422
 -2.2879,20.831,0.36422
-2.2879,22.1105,0.36422
offset
0.004
-2.2879,20.931,0.36422
-2.2839,20.931,0.36422
 line -2.2879,20.931,0.36422 -2.2839,20.931,0.36422 
line -2.2879,22.0105,0.36422 -2.2839,22.0105,0.36422 
z e region w -2.3006,20.931,0.36422 -2.2712,22.0105,0.36422 
extrude -2.2879,20.931,0.36422  3.58578 0
0
-array -2.2879,20.931,0.36422  R 1 1 


 z e
_zoom w -3.00918,20.931,0 -0.83018,24.42678,0 spline
-1.91968,20.931,0
-1.90698,20.96275,0
-1.91968,20.9945,0
-1.93238,21.02625,0
-1.91968,21.058,0
-1.90698,21.08975,0
-1.91968,21.1215,0
-1.93238,21.15325,0
-1.91968,21.185,0
-1.90698,21.21675,0
-1.91968,21.2485,0
-1.93238,21.28025,0
-1.91968,21.312,0
-1.90698,21.34375,0
-1.91968,21.3755,0
-1.93238,21.40725,0
-1.91968,21.439,0
-1.90698,21.47075,0
-1.91968,21.5025,0
-1.93238,21.53425,0
-1.91968,21.566,0
-1.90698,21.59775,0
-1.91968,21.6295,0
-1.93238,21.66125,0
-1.91968,21.693,0
-1.90698,21.72475,0
-1.91968,21.7565,0
-1.93238,21.78825,0
-1.91968,21.82,0
-1.90698,21.85175,0
-1.91968,21.8835,0
-1.93238,21.91525,0
-1.91968,21.947,0
-1.90698,21.97875,0
-1.91968,22.0105,0
 -1.91968,20.831,0
-1.91968,22.1105,0
offset
0.004
-1.91968,20.931,0
-1.91568,20.931,0
 line -1.91968,20.931,0 -1.91568,20.931,0 
line -1.91968,22.0105,0 -1.91568,22.0105,0 
z e region w -1.93238,20.931,0 -1.90298,22.0105,0 
extrude -1.91968,20.931,0  3.48578 0
0
-array -1.91968,20.931,0  R 1 1 


 z e
_zoom w -2.64096,20.931,0.36422 -0.46196,24.52678,0.36422 spline
-1.55146,20.931,0.36422
-1.53876,20.96275,0.36422
-1.55146,20.9945,0.36422
-1.56416,21.02625,0.36422
-1.55146,21.058,0.36422
-1.53876,21.08975,0.36422
-1.55146,21.1215,0.36422
-1.56416,21.15325,0.36422
-1.55146,21.185,0.36422
-1.53876,21.21675,0.36422
-1.55146,21.2485,0.36422
-1.56416,21.28025,0.36422
-1.55146,21.312,0.36422
-1.53876,21.34375,0.36422
-1.55146,21.3755,0.36422
-1.56416,21.40725,0.36422
-1.55146,21.439,0.36422
-1.53876,21.47075,0.36422
-1.55146,21.5025,0.36422
-1.56416,21.53425,0.36422
-1.55146,21.566,0.36422
-1.53876,21.59775,0.36422
-1.55146,21.6295,0.36422
-1.56416,21.66125,0.36422
-1.55146,21.693,0.36422
-1.53876,21.72475,0.36422
-1.55146,21.7565,0.36422
-1.56416,21.78825,0.36422
-1.55146,21.82,0.36422
-1.53876,21.85175,0.36422
-1.55146,21.8835,0.36422
-1.56416,21.91525,0.36422
-1.55146,21.947,0.36422
-1.53876,21.97875,0.36422
-1.55146,22.0105,0.36422
 -1.55146,20.831,0.36422
-1.55146,22.1105,0.36422
offset
0.004
-1.55146,20.931,0.36422
-1.54746,20.931,0.36422
 line -1.55146,20.931,0.36422 -1.54746,20.931,0.36422 
line -1.55146,22.0105,0.36422 -1.54746,22.0105,0.36422 
z e region w -1.56416,20.931,0.36422 -1.53476,22.0105,0.36422 
extrude -1.55146,20.931,0.36422  3.58578 0
0
-array -1.55146,20.931,0.36422  R 1 1 


 z e
_zoom w -2.27274,20.931,0 -0.09374,24.42678,0 spline
-1.18324,20.931,0
-1.17054,20.96275,0
-1.18324,20.9945,0
-1.19594,21.02625,0
-1.18324,21.058,0
-1.17054,21.08975,0
-1.18324,21.1215,0
-1.19594,21.15325,0
-1.18324,21.185,0
-1.17054,21.21675,0
-1.18324,21.2485,0
-1.19594,21.28025,0
-1.18324,21.312,0
-1.17054,21.34375,0
-1.18324,21.3755,0
-1.19594,21.40725,0
-1.18324,21.439,0
-1.17054,21.47075,0
-1.18324,21.5025,0
-1.19594,21.53425,0
-1.18324,21.566,0
-1.17054,21.59775,0
-1.18324,21.6295,0
-1.19594,21.66125,0
-1.18324,21.693,0
-1.17054,21.72475,0
-1.18324,21.7565,0
-1.19594,21.78825,0
-1.18324,21.82,0
-1.17054,21.85175,0
-1.18324,21.8835,0
-1.19594,21.91525,0
-1.18324,21.947,0
-1.17054,21.97875,0
-1.18324,22.0105,0
 -1.18324,20.831,0
-1.18324,22.1105,0
offset
0.004
-1.18324,20.931,0
-1.17924,20.931,0
 line -1.18324,20.931,0 -1.17924,20.931,0 
line -1.18324,22.0105,0 -1.17924,22.0105,0 
z e region w -1.19594,20.931,0 -1.16654,22.0105,0 
extrude -1.18324,20.931,0  3.48578 0
0
-array -1.18324,20.931,0  R 1 1 


 z e
_zoom w -2.0402,19.7015,0 0.1388,23.19728,0 spline
-0.9507,19.7015,0
-0.938,19.73325,0
-0.9507,19.765,0
-0.9634,19.79675,0
-0.9507,19.8285,0
-0.938,19.86025,0
-0.9507,19.892,0
-0.9634,19.92375,0
-0.9507,19.9555,0
-0.938,19.98725,0
-0.9507,20.019,0
-0.9634,20.05075,0
-0.9507,20.0825,0
-0.938,20.11425,0
-0.9507,20.146,0
-0.9634,20.17775,0
-0.9507,20.2095,0
-0.938,20.24125,0
-0.9507,20.273,0
-0.9634,20.30475,0
-0.9507,20.3365,0
-0.938,20.36825,0
-0.9507,20.4,0
-0.9634,20.43175,0
-0.9507,20.4635,0
-0.938,20.49525,0
-0.9507,20.527,0
-0.9634,20.55875,0
-0.9507,20.5905,0
-0.938,20.62225,0
-0.9507,20.654,0
-0.9634,20.68575,0
-0.9507,20.7175,0
-0.938,20.74925,0
-0.9507,20.781,0
 -0.9507,19.6015,0
-0.9507,20.881,0
offset
0.004
-0.9507,19.7015,0
-0.9467,19.7015,0
 line -0.9507,19.7015,0 -0.9467,19.7015,0 
line -0.9507,20.781,0 -0.9467,20.781,0 
z e region w -0.9634,19.7015,0 -0.934,20.781,0 
extrude -0.9507,19.7015,0  3.48578 0
0
-array -0.9507,19.7015,0  R 1 1 


 z e
_zoom w -2.9799,19.7015,0.9357 -0.8009,22.7258,0.9357 spline
-1.8904,19.7015,0.9357
-1.8777,19.73325,0.9357
-1.8904,19.765,0.9357
-1.9031,19.79675,0.9357
-1.8904,19.8285,0.9357
-1.8777,19.86025,0.9357
-1.8904,19.892,0.9357
-1.9031,19.92375,0.9357
-1.8904,19.9555,0.9357
-1.8777,19.98725,0.9357
-1.8904,20.019,0.9357
-1.9031,20.05075,0.9357
-1.8904,20.0825,0.9357
-1.8777,20.11425,0.9357
-1.8904,20.146,0.9357
-1.9031,20.17775,0.9357
-1.8904,20.2095,0.9357
-1.8777,20.24125,0.9357
-1.8904,20.273,0.9357
-1.9031,20.30475,0.9357
-1.8904,20.3365,0.9357
-1.8777,20.36825,0.9357
-1.8904,20.4,0.9357
-1.9031,20.43175,0.9357
-1.8904,20.4635,0.9357
-1.8777,20.49525,0.9357
-1.8904,20.527,0.9357
-1.9031,20.55875,0.9357
-1.8904,20.5905,0.9357
-1.8777,20.62225,0.9357
-1.8904,20.654,0.9357
-1.9031,20.68575,0.9357
-1.8904,20.7175,0.9357
-1.8777,20.74925,0.9357
-1.8904,20.781,0.9357
 -1.8904,19.6015,0.9357
-1.8904,20.881,0.9357
offset
0.004
-1.8904,19.7015,0.9357
-1.8864,19.7015,0.9357
 line -1.8904,19.7015,0.9357 -1.8864,19.7015,0.9357 
line -1.8904,20.781,0.9357 -1.8864,20.781,0.9357 
z e region w -1.9031,19.7015,0.9357 -1.8737,20.781,0.9357 
extrude -1.8904,19.7015,0.9357  3.0143 0
0
-array -1.8904,19.7015,0.9357  R 1 1 


 z e
_zoom w -3.74562,18.472,0 -1.56662,21.3963,0 spline
-2.65612,18.472,0
-2.64342,18.50375,0
-2.65612,18.5355,0
-2.66882,18.56725,0
-2.65612,18.599,0
-2.64342,18.63075,0
-2.65612,18.6625,0
-2.66882,18.69425,0
-2.65612,18.726,0
-2.64342,18.75775,0
-2.65612,18.7895,0
-2.66882,18.82125,0
-2.65612,18.853,0
-2.64342,18.88475,0
-2.65612,18.9165,0
-2.66882,18.94825,0
-2.65612,18.98,0
-2.64342,19.01175,0
-2.65612,19.0435,0
-2.66882,19.07525,0
-2.65612,19.107,0
-2.64342,19.13875,0
-2.65612,19.1705,0
-2.66882,19.20225,0
-2.65612,19.234,0
-2.64342,19.26575,0
-2.65612,19.2975,0
-2.66882,19.32925,0
-2.65612,19.361,0
-2.64342,19.39275,0
-2.65612,19.4245,0
-2.66882,19.45625,0
-2.65612,19.488,0
-2.64342,19.51975,0
-2.65612,19.5515,0
 -2.65612,18.372,0
-2.65612,19.6515,0
offset
0.004
-2.65612,18.472,0
-2.65212,18.472,0
 line -2.65612,18.472,0 -2.65212,18.472,0 
line -2.65612,19.5515,0 -2.65212,19.5515,0 
z e region w -2.66882,18.472,0 -2.63942,19.5515,0 
extrude -2.65612,18.472,0  2.9143 0
0
-array -2.65612,18.472,0  R 1 1 


 z e
_zoom w -2.80592,18.472,0.9357 -0.62692,21.4963,0.9357 spline
-1.71642,18.472,0.9357
-1.70372,18.50375,0.9357
-1.71642,18.5355,0.9357
-1.72912,18.56725,0.9357
-1.71642,18.599,0.9357
-1.70372,18.63075,0.9357
-1.71642,18.6625,0.9357
-1.72912,18.69425,0.9357
-1.71642,18.726,0.9357
-1.70372,18.75775,0.9357
-1.71642,18.7895,0.9357
-1.72912,18.82125,0.9357
-1.71642,18.853,0.9357
-1.70372,18.88475,0.9357
-1.71642,18.9165,0.9357
-1.72912,18.94825,0.9357
-1.71642,18.98,0.9357
-1.70372,19.01175,0.9357
-1.71642,19.0435,0.9357
-1.72912,19.07525,0.9357
-1.71642,19.107,0.9357
-1.70372,19.13875,0.9357
-1.71642,19.1705,0.9357
-1.72912,19.20225,0.9357
-1.71642,19.234,0.9357
-1.70372,19.26575,0.9357
-1.71642,19.2975,0.9357
-1.72912,19.32925,0.9357
-1.71642,19.361,0.9357
-1.70372,19.39275,0.9357
-1.71642,19.4245,0.9357
-1.72912,19.45625,0.9357
-1.71642,19.488,0.9357
-1.70372,19.51975,0.9357
-1.71642,19.5515,0.9357
 -1.71642,18.372,0.9357
-1.71642,19.6515,0.9357
offset
0.004
-1.71642,18.472,0.9357
-1.71242,18.472,0.9357
 line -1.71642,18.472,0.9357 -1.71242,18.472,0.9357 
line -1.71642,19.5515,0.9357 -1.71242,19.5515,0.9357 
z e region w -1.72912,18.472,0.9357 -1.69972,19.5515,0.9357 
extrude -1.71642,18.472,0.9357  3.0143 0
0
-array -1.71642,18.472,0.9357  R 1 1 


 z e
_zoom w -1.86622,18.472,0 0.31278,21.3963,0 spline
-0.77672,18.472,0
-0.76402,18.50375,0
-0.77672,18.5355,0
-0.78942,18.56725,0
-0.77672,18.599,0
-0.76402,18.63075,0
-0.77672,18.6625,0
-0.78942,18.69425,0
-0.77672,18.726,0
-0.76402,18.75775,0
-0.77672,18.7895,0
-0.78942,18.82125,0
-0.77672,18.853,0
-0.76402,18.88475,0
-0.77672,18.9165,0
-0.78942,18.94825,0
-0.77672,18.98,0
-0.76402,19.01175,0
-0.77672,19.0435,0
-0.78942,19.07525,0
-0.77672,19.107,0
-0.76402,19.13875,0
-0.77672,19.1705,0
-0.78942,19.20225,0
-0.77672,19.234,0
-0.76402,19.26575,0
-0.77672,19.2975,0
-0.78942,19.32925,0
-0.77672,19.361,0
-0.76402,19.39275,0
-0.77672,19.4245,0
-0.78942,19.45625,0
-0.77672,19.488,0
-0.76402,19.51975,0
-0.77672,19.5515,0
 -0.77672,18.372,0
-0.77672,19.6515,0
offset
0.004
-0.77672,18.472,0
-0.77272,18.472,0
 line -0.77672,18.472,0 -0.77272,18.472,0 
line -0.77672,19.5515,0 -0.77272,19.5515,0 
z e region w -0.78942,18.472,0 -0.76002,19.5515,0 
extrude -0.77672,18.472,0  2.9143 0
0
-array -0.77672,18.472,0  R 1 1 


 z e
-layer s 0
  
-layer f baffle
  
