-layer m floctank
c t 91,91,91
floctank
  
_-view o t _zoom w 0.16,3.29,0 -3.181,4.76,1.1 _box 0,3.45,0 -3.021,4.6,1.1 _box 0.15,3.3,-0.15 -3.171,4.75,1.1 _subtract 0.15,3.3,-0.15  0,3.45,0 
-layer s 0
  
-layer f floctank
  
-layer m floctankwall
c t 91,91,91
floctankwall
  
_box -3.171,3.95,0 0.15,4.1,1.1
_box -0.379,3.95,0 0,4.1,0.75
_subtract -3.171,3.95,0  -0.379,3.95,0 
-layer s 0
  
-layer t floctank
  
_union all 
-layer s 0
  
-layer f floctankwall
  
-layer m flocchannelhole
c t 91,91,91
flocchannelhole
  
_box -3.021,3.3,0.8 -2.776,3.45,1.1
-layer s 0
  
-layer t floctankwall
  
_-view o t
_subtract 0,3.45,0  -3.021,3.3,0.8 
_union all 
-layer f floctankwall
  
-layer m baffle
c t 125,0,160
baffle
  
_zoom w -3.302,4.1,0 -2.282,4.976,0 spline
-2.792,4.1,0
-2.7793,4.11471,0
-2.792,4.12941,0
-2.8047,4.14412,0
-2.792,4.15882,0
-2.7793,4.17353,0
-2.792,4.18824,0
-2.8047,4.20294,0
-2.792,4.21765,0
-2.7793,4.23235,0
-2.792,4.24706,0
-2.8047,4.26176,0
-2.792,4.27647,0
-2.7793,4.29118,0
-2.792,4.30588,0
-2.8047,4.32059,0
-2.792,4.33529,0
-2.7793,4.35,0
-2.792,4.36471,0
-2.8047,4.37941,0
-2.792,4.39412,0
-2.7793,4.40882,0
-2.792,4.42353,0
-2.8047,4.43824,0
-2.792,4.45294,0
-2.7793,4.46765,0
-2.792,4.48235,0
-2.8047,4.49706,0
-2.792,4.51176,0
-2.7793,4.52647,0
-2.792,4.54118,0
-2.8047,4.55588,0
-2.792,4.57059,0
-2.7793,4.58529,0
-2.792,4.6,0
 -2.792,4,0
-2.792,4.7,0
offset
0.004
-2.792,4.1,0
-2.788,4.1,0
 line -2.792,4.1,0 -2.788,4.1,0 
line -2.792,4.6,0 -2.788,4.6,0 
z e region w -2.8047,4.1,0 -2.7753,4.6,0 
extrude -2.792,4.1,0  0.866 0
0
-array -2.792,4.1,0  R 1 1 


 z e
_zoom w -3.193,4.1,0.134 -2.173,5.11,0.134 spline
-2.683,4.1,0.134
-2.6703,4.11471,0.134
-2.683,4.12941,0.134
-2.6957,4.14412,0.134
-2.683,4.15882,0.134
-2.6703,4.17353,0.134
-2.683,4.18824,0.134
-2.6957,4.20294,0.134
-2.683,4.21765,0.134
-2.6703,4.23235,0.134
-2.683,4.24706,0.134
-2.6957,4.26176,0.134
-2.683,4.27647,0.134
-2.6703,4.29118,0.134
-2.683,4.30588,0.134
-2.6957,4.32059,0.134
-2.683,4.33529,0.134
-2.6703,4.35,0.134
-2.683,4.36471,0.134
-2.6957,4.37941,0.134
-2.683,4.39412,0.134
-2.6703,4.40882,0.134
-2.683,4.42353,0.134
-2.6957,4.43824,0.134
-2.683,4.45294,0.134
-2.6703,4.46765,0.134
-2.683,4.48235,0.134
-2.6957,4.49706,0.134
-2.683,4.51176,0.134
-2.6703,4.52647,0.134
-2.683,4.54118,0.134
-2.6957,4.55588,0.134
-2.683,4.57059,0.134
-2.6703,4.58529,0.134
-2.683,4.6,0.134
 -2.683,4,0.134
-2.683,4.7,0.134
offset
0.004
-2.683,4.1,0.134
-2.679,4.1,0.134
 line -2.683,4.1,0.134 -2.679,4.1,0.134 
line -2.683,4.6,0.134 -2.679,4.6,0.134 
z e region w -2.6957,4.1,0.134 -2.6663,4.6,0.134 
extrude -2.683,4.1,0.134  1 0
0
-array -2.683,4.1,0.134  R 1 1 


 z e
_zoom w -3.083,4.1,0 -2.063,4.976,0 spline
-2.573,4.1,0
-2.5603,4.11471,0
-2.573,4.12941,0
-2.5857,4.14412,0
-2.573,4.15882,0
-2.5603,4.17353,0
-2.573,4.18824,0
-2.5857,4.20294,0
-2.573,4.21765,0
-2.5603,4.23235,0
-2.573,4.24706,0
-2.5857,4.26176,0
-2.573,4.27647,0
-2.5603,4.29118,0
-2.573,4.30588,0
-2.5857,4.32059,0
-2.573,4.33529,0
-2.5603,4.35,0
-2.573,4.36471,0
-2.5857,4.37941,0
-2.573,4.39412,0
-2.5603,4.40882,0
-2.573,4.42353,0
-2.5857,4.43824,0
-2.573,4.45294,0
-2.5603,4.46765,0
-2.573,4.48235,0
-2.5857,4.49706,0
-2.573,4.51176,0
-2.5603,4.52647,0
-2.573,4.54118,0
-2.5857,4.55588,0
-2.573,4.57059,0
-2.5603,4.58529,0
-2.573,4.6,0
 -2.573,4,0
-2.573,4.7,0
offset
0.004
-2.573,4.1,0
-2.569,4.1,0
 line -2.573,4.1,0 -2.569,4.1,0 
line -2.573,4.6,0 -2.569,4.6,0 
z e region w -2.5857,4.1,0 -2.5563,4.6,0 
extrude -2.573,4.1,0  0.866 0
0
-array -2.573,4.1,0  R 1 1 


 z e
_zoom w -2.974,4.1,0.134 -1.954,5.11,0.134 spline
-2.464,4.1,0.134
-2.4513,4.11471,0.134
-2.464,4.12941,0.134
-2.4767,4.14412,0.134
-2.464,4.15882,0.134
-2.4513,4.17353,0.134
-2.464,4.18824,0.134
-2.4767,4.20294,0.134
-2.464,4.21765,0.134
-2.4513,4.23235,0.134
-2.464,4.24706,0.134
-2.4767,4.26176,0.134
-2.464,4.27647,0.134
-2.4513,4.29118,0.134
-2.464,4.30588,0.134
-2.4767,4.32059,0.134
-2.464,4.33529,0.134
-2.4513,4.35,0.134
-2.464,4.36471,0.134
-2.4767,4.37941,0.134
-2.464,4.39412,0.134
-2.4513,4.40882,0.134
-2.464,4.42353,0.134
-2.4767,4.43824,0.134
-2.464,4.45294,0.134
-2.4513,4.46765,0.134
-2.464,4.48235,0.134
-2.4767,4.49706,0.134
-2.464,4.51176,0.134
-2.4513,4.52647,0.134
-2.464,4.54118,0.134
-2.4767,4.55588,0.134
-2.464,4.57059,0.134
-2.4513,4.58529,0.134
-2.464,4.6,0.134
 -2.464,4,0.134
-2.464,4.7,0.134
offset
0.004
-2.464,4.1,0.134
-2.46,4.1,0.134
 line -2.464,4.1,0.134 -2.46,4.1,0.134 
line -2.464,4.6,0.134 -2.46,4.6,0.134 
z e region w -2.4767,4.1,0.134 -2.4473,4.6,0.134 
extrude -2.464,4.1,0.134  1 0
0
-array -2.464,4.1,0.134  R 1 1 


 z e
_zoom w -2.864,4.1,0 -1.844,4.976,0 spline
-2.354,4.1,0
-2.3413,4.11471,0
-2.354,4.12941,0
-2.3667,4.14412,0
-2.354,4.15882,0
-2.3413,4.17353,0
-2.354,4.18824,0
-2.3667,4.20294,0
-2.354,4.21765,0
-2.3413,4.23235,0
-2.354,4.24706,0
-2.3667,4.26176,0
-2.354,4.27647,0
-2.3413,4.29118,0
-2.354,4.30588,0
-2.3667,4.32059,0
-2.354,4.33529,0
-2.3413,4.35,0
-2.354,4.36471,0
-2.3667,4.37941,0
-2.354,4.39412,0
-2.3413,4.40882,0
-2.354,4.42353,0
-2.3667,4.43824,0
-2.354,4.45294,0
-2.3413,4.46765,0
-2.354,4.48235,0
-2.3667,4.49706,0
-2.354,4.51176,0
-2.3413,4.52647,0
-2.354,4.54118,0
-2.3667,4.55588,0
-2.354,4.57059,0
-2.3413,4.58529,0
-2.354,4.6,0
 -2.354,4,0
-2.354,4.7,0
offset
0.004
-2.354,4.1,0
-2.35,4.1,0
 line -2.354,4.1,0 -2.35,4.1,0 
line -2.354,4.6,0 -2.35,4.6,0 
z e region w -2.3667,4.1,0 -2.3373,4.6,0 
extrude -2.354,4.1,0  0.866 0
0
-array -2.354,4.1,0  R 1 1 


 z e
_zoom w -2.754,4.1,0.134 -1.734,5.11,0.134 spline
-2.244,4.1,0.134
-2.2313,4.11471,0.134
-2.244,4.12941,0.134
-2.2567,4.14412,0.134
-2.244,4.15882,0.134
-2.2313,4.17353,0.134
-2.244,4.18824,0.134
-2.2567,4.20294,0.134
-2.244,4.21765,0.134
-2.2313,4.23235,0.134
-2.244,4.24706,0.134
-2.2567,4.26176,0.134
-2.244,4.27647,0.134
-2.2313,4.29118,0.134
-2.244,4.30588,0.134
-2.2567,4.32059,0.134
-2.244,4.33529,0.134
-2.2313,4.35,0.134
-2.244,4.36471,0.134
-2.2567,4.37941,0.134
-2.244,4.39412,0.134
-2.2313,4.40882,0.134
-2.244,4.42353,0.134
-2.2567,4.43824,0.134
-2.244,4.45294,0.134
-2.2313,4.46765,0.134
-2.244,4.48235,0.134
-2.2567,4.49706,0.134
-2.244,4.51176,0.134
-2.2313,4.52647,0.134
-2.244,4.54118,0.134
-2.2567,4.55588,0.134
-2.244,4.57059,0.134
-2.2313,4.58529,0.134
-2.244,4.6,0.134
 -2.244,4,0.134
-2.244,4.7,0.134
offset
0.004
-2.244,4.1,0.134
-2.24,4.1,0.134
 line -2.244,4.1,0.134 -2.24,4.1,0.134 
line -2.244,4.6,0.134 -2.24,4.6,0.134 
z e region w -2.2567,4.1,0.134 -2.2273,4.6,0.134 
extrude -2.244,4.1,0.134  1 0
0
-array -2.244,4.1,0.134  R 1 1 


 z e
_zoom w -2.645,4.1,0 -1.625,4.976,0 spline
-2.135,4.1,0
-2.1223,4.11471,0
-2.135,4.12941,0
-2.1477,4.14412,0
-2.135,4.15882,0
-2.1223,4.17353,0
-2.135,4.18824,0
-2.1477,4.20294,0
-2.135,4.21765,0
-2.1223,4.23235,0
-2.135,4.24706,0
-2.1477,4.26176,0
-2.135,4.27647,0
-2.1223,4.29118,0
-2.135,4.30588,0
-2.1477,4.32059,0
-2.135,4.33529,0
-2.1223,4.35,0
-2.135,4.36471,0
-2.1477,4.37941,0
-2.135,4.39412,0
-2.1223,4.40882,0
-2.135,4.42353,0
-2.1477,4.43824,0
-2.135,4.45294,0
-2.1223,4.46765,0
-2.135,4.48235,0
-2.1477,4.49706,0
-2.135,4.51176,0
-2.1223,4.52647,0
-2.135,4.54118,0
-2.1477,4.55588,0
-2.135,4.57059,0
-2.1223,4.58529,0
-2.135,4.6,0
 -2.135,4,0
-2.135,4.7,0
offset
0.004
-2.135,4.1,0
-2.131,4.1,0
 line -2.135,4.1,0 -2.131,4.1,0 
line -2.135,4.6,0 -2.131,4.6,0 
z e region w -2.1477,4.1,0 -2.1183,4.6,0 
extrude -2.135,4.1,0  0.866 0
0
-array -2.135,4.1,0  R 1 1 


 z e
_zoom w -2.535,4.1,0.134 -1.515,5.11,0.134 spline
-2.025,4.1,0.134
-2.0123,4.11471,0.134
-2.025,4.12941,0.134
-2.0377,4.14412,0.134
-2.025,4.15882,0.134
-2.0123,4.17353,0.134
-2.025,4.18824,0.134
-2.0377,4.20294,0.134
-2.025,4.21765,0.134
-2.0123,4.23235,0.134
-2.025,4.24706,0.134
-2.0377,4.26176,0.134
-2.025,4.27647,0.134
-2.0123,4.29118,0.134
-2.025,4.30588,0.134
-2.0377,4.32059,0.134
-2.025,4.33529,0.134
-2.0123,4.35,0.134
-2.025,4.36471,0.134
-2.0377,4.37941,0.134
-2.025,4.39412,0.134
-2.0123,4.40882,0.134
-2.025,4.42353,0.134
-2.0377,4.43824,0.134
-2.025,4.45294,0.134
-2.0123,4.46765,0.134
-2.025,4.48235,0.134
-2.0377,4.49706,0.134
-2.025,4.51176,0.134
-2.0123,4.52647,0.134
-2.025,4.54118,0.134
-2.0377,4.55588,0.134
-2.025,4.57059,0.134
-2.0123,4.58529,0.134
-2.025,4.6,0.134
 -2.025,4,0.134
-2.025,4.7,0.134
offset
0.004
-2.025,4.1,0.134
-2.021,4.1,0.134
 line -2.025,4.1,0.134 -2.021,4.1,0.134 
line -2.025,4.6,0.134 -2.021,4.6,0.134 
z e region w -2.0377,4.1,0.134 -2.0083,4.6,0.134 
extrude -2.025,4.1,0.134  1 0
0
-array -2.025,4.1,0.134  R 1 1 


 z e
_zoom w -2.425,4.1,0 -1.405,4.976,0 spline
-1.915,4.1,0
-1.9023,4.11471,0
-1.915,4.12941,0
-1.9277,4.14412,0
-1.915,4.15882,0
-1.9023,4.17353,0
-1.915,4.18824,0
-1.9277,4.20294,0
-1.915,4.21765,0
-1.9023,4.23235,0
-1.915,4.24706,0
-1.9277,4.26176,0
-1.915,4.27647,0
-1.9023,4.29118,0
-1.915,4.30588,0
-1.9277,4.32059,0
-1.915,4.33529,0
-1.9023,4.35,0
-1.915,4.36471,0
-1.9277,4.37941,0
-1.915,4.39412,0
-1.9023,4.40882,0
-1.915,4.42353,0
-1.9277,4.43824,0
-1.915,4.45294,0
-1.9023,4.46765,0
-1.915,4.48235,0
-1.9277,4.49706,0
-1.915,4.51176,0
-1.9023,4.52647,0
-1.915,4.54118,0
-1.9277,4.55588,0
-1.915,4.57059,0
-1.9023,4.58529,0
-1.915,4.6,0
 -1.915,4,0
-1.915,4.7,0
offset
0.004
-1.915,4.1,0
-1.911,4.1,0
 line -1.915,4.1,0 -1.911,4.1,0 
line -1.915,4.6,0 -1.911,4.6,0 
z e region w -1.9277,4.1,0 -1.8983,4.6,0 
extrude -1.915,4.1,0  0.866 0
0
-array -1.915,4.1,0  R 1 1 


 z e
_zoom w -2.316,4.1,0.134 -1.296,5.11,0.134 spline
-1.806,4.1,0.134
-1.7933,4.11471,0.134
-1.806,4.12941,0.134
-1.8187,4.14412,0.134
-1.806,4.15882,0.134
-1.7933,4.17353,0.134
-1.806,4.18824,0.134
-1.8187,4.20294,0.134
-1.806,4.21765,0.134
-1.7933,4.23235,0.134
-1.806,4.24706,0.134
-1.8187,4.26176,0.134
-1.806,4.27647,0.134
-1.7933,4.29118,0.134
-1.806,4.30588,0.134
-1.8187,4.32059,0.134
-1.806,4.33529,0.134
-1.7933,4.35,0.134
-1.806,4.36471,0.134
-1.8187,4.37941,0.134
-1.806,4.39412,0.134
-1.7933,4.40882,0.134
-1.806,4.42353,0.134
-1.8187,4.43824,0.134
-1.806,4.45294,0.134
-1.7933,4.46765,0.134
-1.806,4.48235,0.134
-1.8187,4.49706,0.134
-1.806,4.51176,0.134
-1.7933,4.52647,0.134
-1.806,4.54118,0.134
-1.8187,4.55588,0.134
-1.806,4.57059,0.134
-1.7933,4.58529,0.134
-1.806,4.6,0.134
 -1.806,4,0.134
-1.806,4.7,0.134
offset
0.004
-1.806,4.1,0.134
-1.802,4.1,0.134
 line -1.806,4.1,0.134 -1.802,4.1,0.134 
line -1.806,4.6,0.134 -1.802,4.6,0.134 
z e region w -1.8187,4.1,0.134 -1.7893,4.6,0.134 
extrude -1.806,4.1,0.134  1 0
0
-array -1.806,4.1,0.134  R 1 1 


 z e
_zoom w -2.206,4.1,0 -1.186,4.976,0 spline
-1.696,4.1,0
-1.6833,4.11471,0
-1.696,4.12941,0
-1.7087,4.14412,0
-1.696,4.15882,0
-1.6833,4.17353,0
-1.696,4.18824,0
-1.7087,4.20294,0
-1.696,4.21765,0
-1.6833,4.23235,0
-1.696,4.24706,0
-1.7087,4.26176,0
-1.696,4.27647,0
-1.6833,4.29118,0
-1.696,4.30588,0
-1.7087,4.32059,0
-1.696,4.33529,0
-1.6833,4.35,0
-1.696,4.36471,0
-1.7087,4.37941,0
-1.696,4.39412,0
-1.6833,4.40882,0
-1.696,4.42353,0
-1.7087,4.43824,0
-1.696,4.45294,0
-1.6833,4.46765,0
-1.696,4.48235,0
-1.7087,4.49706,0
-1.696,4.51176,0
-1.6833,4.52647,0
-1.696,4.54118,0
-1.7087,4.55588,0
-1.696,4.57059,0
-1.6833,4.58529,0
-1.696,4.6,0
 -1.696,4,0
-1.696,4.7,0
offset
0.004
-1.696,4.1,0
-1.692,4.1,0
 line -1.696,4.1,0 -1.692,4.1,0 
line -1.696,4.6,0 -1.692,4.6,0 
z e region w -1.7087,4.1,0 -1.6793,4.6,0 
extrude -1.696,4.1,0  0.866 0
0
-array -1.696,4.1,0  R 1 1 


 z e
_zoom w -2.097,4.1,0.134 -1.077,5.11,0.134 spline
-1.587,4.1,0.134
-1.5743,4.11471,0.134
-1.587,4.12941,0.134
-1.5997,4.14412,0.134
-1.587,4.15882,0.134
-1.5743,4.17353,0.134
-1.587,4.18824,0.134
-1.5997,4.20294,0.134
-1.587,4.21765,0.134
-1.5743,4.23235,0.134
-1.587,4.24706,0.134
-1.5997,4.26176,0.134
-1.587,4.27647,0.134
-1.5743,4.29118,0.134
-1.587,4.30588,0.134
-1.5997,4.32059,0.134
-1.587,4.33529,0.134
-1.5743,4.35,0.134
-1.587,4.36471,0.134
-1.5997,4.37941,0.134
-1.587,4.39412,0.134
-1.5743,4.40882,0.134
-1.587,4.42353,0.134
-1.5997,4.43824,0.134
-1.587,4.45294,0.134
-1.5743,4.46765,0.134
-1.587,4.48235,0.134
-1.5997,4.49706,0.134
-1.587,4.51176,0.134
-1.5743,4.52647,0.134
-1.587,4.54118,0.134
-1.5997,4.55588,0.134
-1.587,4.57059,0.134
-1.5743,4.58529,0.134
-1.587,4.6,0.134
 -1.587,4,0.134
-1.587,4.7,0.134
offset
0.004
-1.587,4.1,0.134
-1.583,4.1,0.134
 line -1.587,4.1,0.134 -1.583,4.1,0.134 
line -1.587,4.6,0.134 -1.583,4.6,0.134 
z e region w -1.5997,4.1,0.134 -1.5703,4.6,0.134 
extrude -1.587,4.1,0.134  1 0
0
-array -1.587,4.1,0.134  R 1 1 


 z e
_zoom w -1.95,4.1,0 -0.93,4.92,0 spline
-1.44,4.1,0
-1.4273,4.11471,0
-1.44,4.12941,0
-1.4527,4.14412,0
-1.44,4.15882,0
-1.4273,4.17353,0
-1.44,4.18824,0
-1.4527,4.20294,0
-1.44,4.21765,0
-1.4273,4.23235,0
-1.44,4.24706,0
-1.4527,4.26176,0
-1.44,4.27647,0
-1.4273,4.29118,0
-1.44,4.30588,0
-1.4527,4.32059,0
-1.44,4.33529,0
-1.4273,4.35,0
-1.44,4.36471,0
-1.4527,4.37941,0
-1.44,4.39412,0
-1.4273,4.40882,0
-1.44,4.42353,0
-1.4527,4.43824,0
-1.44,4.45294,0
-1.4273,4.46765,0
-1.44,4.48235,0
-1.4527,4.49706,0
-1.44,4.51176,0
-1.4273,4.52647,0
-1.44,4.54118,0
-1.4527,4.55588,0
-1.44,4.57059,0
-1.4273,4.58529,0
-1.44,4.6,0
 -1.44,4,0
-1.44,4.7,0
offset
0.004
-1.44,4.1,0
-1.436,4.1,0
 line -1.44,4.1,0 -1.436,4.1,0 
line -1.44,4.6,0 -1.436,4.6,0 
z e region w -1.4527,4.1,0 -1.4233,4.6,0 
extrude -1.44,4.1,0  0.81 0
0
-array -1.44,4.1,0  R 1 1 


 z e
_zoom w -1.803,4.1,0.19 -0.783,5.01,0.19 spline
-1.293,4.1,0.19
-1.2803,4.11471,0.19
-1.293,4.12941,0.19
-1.3057,4.14412,0.19
-1.293,4.15882,0.19
-1.2803,4.17353,0.19
-1.293,4.18824,0.19
-1.3057,4.20294,0.19
-1.293,4.21765,0.19
-1.2803,4.23235,0.19
-1.293,4.24706,0.19
-1.3057,4.26176,0.19
-1.293,4.27647,0.19
-1.2803,4.29118,0.19
-1.293,4.30588,0.19
-1.3057,4.32059,0.19
-1.293,4.33529,0.19
-1.2803,4.35,0.19
-1.293,4.36471,0.19
-1.3057,4.37941,0.19
-1.293,4.39412,0.19
-1.2803,4.40882,0.19
-1.293,4.42353,0.19
-1.3057,4.43824,0.19
-1.293,4.45294,0.19
-1.2803,4.46765,0.19
-1.293,4.48235,0.19
-1.3057,4.49706,0.19
-1.293,4.51176,0.19
-1.2803,4.52647,0.19
-1.293,4.54118,0.19
-1.3057,4.55588,0.19
-1.293,4.57059,0.19
-1.2803,4.58529,0.19
-1.293,4.6,0.19
 -1.293,4,0.19
-1.293,4.7,0.19
offset
0.004
-1.293,4.1,0.19
-1.289,4.1,0.19
 line -1.293,4.1,0.19 -1.289,4.1,0.19 
line -1.293,4.6,0.19 -1.289,4.6,0.19 
z e region w -1.3057,4.1,0.19 -1.2763,4.6,0.19 
extrude -1.293,4.1,0.19  0.9 0
0
-array -1.293,4.1,0.19  R 1 1 


 z e
_zoom w -1.656,4.1,0 -0.636,4.92,0 spline
-1.146,4.1,0
-1.1333,4.11471,0
-1.146,4.12941,0
-1.1587,4.14412,0
-1.146,4.15882,0
-1.1333,4.17353,0
-1.146,4.18824,0
-1.1587,4.20294,0
-1.146,4.21765,0
-1.1333,4.23235,0
-1.146,4.24706,0
-1.1587,4.26176,0
-1.146,4.27647,0
-1.1333,4.29118,0
-1.146,4.30588,0
-1.1587,4.32059,0
-1.146,4.33529,0
-1.1333,4.35,0
-1.146,4.36471,0
-1.1587,4.37941,0
-1.146,4.39412,0
-1.1333,4.40882,0
-1.146,4.42353,0
-1.1587,4.43824,0
-1.146,4.45294,0
-1.1333,4.46765,0
-1.146,4.48235,0
-1.1587,4.49706,0
-1.146,4.51176,0
-1.1333,4.52647,0
-1.146,4.54118,0
-1.1587,4.55588,0
-1.146,4.57059,0
-1.1333,4.58529,0
-1.146,4.6,0
 -1.146,4,0
-1.146,4.7,0
offset
0.004
-1.146,4.1,0
-1.142,4.1,0
 line -1.146,4.1,0 -1.142,4.1,0 
line -1.146,4.6,0 -1.142,4.6,0 
z e region w -1.1587,4.1,0 -1.1293,4.6,0 
extrude -1.146,4.1,0  0.81 0
0
-array -1.146,4.1,0  R 1 1 


 z e
_zoom w -1.51,4.1,0.19 -0.49,5.01,0.19 spline
-1,4.1,0.19
-0.9873,4.11471,0.19
-1,4.12941,0.19
-1.0127,4.14412,0.19
-1,4.15882,0.19
-0.9873,4.17353,0.19
-1,4.18824,0.19
-1.0127,4.20294,0.19
-1,4.21765,0.19
-0.9873,4.23235,0.19
-1,4.24706,0.19
-1.0127,4.26176,0.19
-1,4.27647,0.19
-0.9873,4.29118,0.19
-1,4.30588,0.19
-1.0127,4.32059,0.19
-1,4.33529,0.19
-0.9873,4.35,0.19
-1,4.36471,0.19
-1.0127,4.37941,0.19
-1,4.39412,0.19
-0.9873,4.40882,0.19
-1,4.42353,0.19
-1.0127,4.43824,0.19
-1,4.45294,0.19
-0.9873,4.46765,0.19
-1,4.48235,0.19
-1.0127,4.49706,0.19
-1,4.51176,0.19
-0.9873,4.52647,0.19
-1,4.54118,0.19
-1.0127,4.55588,0.19
-1,4.57059,0.19
-0.9873,4.58529,0.19
-1,4.6,0.19
 -1,4,0.19
-1,4.7,0.19
offset
0.004
-1,4.1,0.19
-0.996,4.1,0.19
 line -1,4.1,0.19 -0.996,4.1,0.19 
line -1,4.6,0.19 -0.996,4.6,0.19 
z e region w -1.0127,4.1,0.19 -0.9833,4.6,0.19 
extrude -1,4.1,0.19  0.9 0
0
-array -1,4.1,0.19  R 1 1 


 z e
_zoom w -1.363,4.1,0 -0.343,4.92,0 spline
-0.853,4.1,0
-0.8403,4.11471,0
-0.853,4.12941,0
-0.8657,4.14412,0
-0.853,4.15882,0
-0.8403,4.17353,0
-0.853,4.18824,0
-0.8657,4.20294,0
-0.853,4.21765,0
-0.8403,4.23235,0
-0.853,4.24706,0
-0.8657,4.26176,0
-0.853,4.27647,0
-0.8403,4.29118,0
-0.853,4.30588,0
-0.8657,4.32059,0
-0.853,4.33529,0
-0.8403,4.35,0
-0.853,4.36471,0
-0.8657,4.37941,0
-0.853,4.39412,0
-0.8403,4.40882,0
-0.853,4.42353,0
-0.8657,4.43824,0
-0.853,4.45294,0
-0.8403,4.46765,0
-0.853,4.48235,0
-0.8657,4.49706,0
-0.853,4.51176,0
-0.8403,4.52647,0
-0.853,4.54118,0
-0.8657,4.55588,0
-0.853,4.57059,0
-0.8403,4.58529,0
-0.853,4.6,0
 -0.853,4,0
-0.853,4.7,0
offset
0.004
-0.853,4.1,0
-0.849,4.1,0
 line -0.853,4.1,0 -0.849,4.1,0 
line -0.853,4.6,0 -0.849,4.6,0 
z e region w -0.8657,4.1,0 -0.8363,4.6,0 
extrude -0.853,4.1,0  0.81 0
0
-array -0.853,4.1,0  R 1 1 


 z e
_zoom w -1.216,4.1,0.19 -0.196,5.01,0.19 spline
-0.706,4.1,0.19
-0.6933,4.11471,0.19
-0.706,4.12941,0.19
-0.7187,4.14412,0.19
-0.706,4.15882,0.19
-0.6933,4.17353,0.19
-0.706,4.18824,0.19
-0.7187,4.20294,0.19
-0.706,4.21765,0.19
-0.6933,4.23235,0.19
-0.706,4.24706,0.19
-0.7187,4.26176,0.19
-0.706,4.27647,0.19
-0.6933,4.29118,0.19
-0.706,4.30588,0.19
-0.7187,4.32059,0.19
-0.706,4.33529,0.19
-0.6933,4.35,0.19
-0.706,4.36471,0.19
-0.7187,4.37941,0.19
-0.706,4.39412,0.19
-0.6933,4.40882,0.19
-0.706,4.42353,0.19
-0.7187,4.43824,0.19
-0.706,4.45294,0.19
-0.6933,4.46765,0.19
-0.706,4.48235,0.19
-0.7187,4.49706,0.19
-0.706,4.51176,0.19
-0.6933,4.52647,0.19
-0.706,4.54118,0.19
-0.7187,4.55588,0.19
-0.706,4.57059,0.19
-0.6933,4.58529,0.19
-0.706,4.6,0.19
 -0.706,4,0.19
-0.706,4.7,0.19
offset
0.004
-0.706,4.1,0.19
-0.702,4.1,0.19
 line -0.706,4.1,0.19 -0.702,4.1,0.19 
line -0.706,4.6,0.19 -0.702,4.6,0.19 
z e region w -0.7187,4.1,0.19 -0.6893,4.6,0.19 
extrude -0.706,4.1,0.19  0.9 0
0
-array -0.706,4.1,0.19  R 1 1 


 z e
_zoom w -1.069,4.1,0 -0.049,4.92,0 spline
-0.559,4.1,0
-0.5463,4.11471,0
-0.559,4.12941,0
-0.5717,4.14412,0
-0.559,4.15882,0
-0.5463,4.17353,0
-0.559,4.18824,0
-0.5717,4.20294,0
-0.559,4.21765,0
-0.5463,4.23235,0
-0.559,4.24706,0
-0.5717,4.26176,0
-0.559,4.27647,0
-0.5463,4.29118,0
-0.559,4.30588,0
-0.5717,4.32059,0
-0.559,4.33529,0
-0.5463,4.35,0
-0.559,4.36471,0
-0.5717,4.37941,0
-0.559,4.39412,0
-0.5463,4.40882,0
-0.559,4.42353,0
-0.5717,4.43824,0
-0.559,4.45294,0
-0.5463,4.46765,0
-0.559,4.48235,0
-0.5717,4.49706,0
-0.559,4.51176,0
-0.5463,4.52647,0
-0.559,4.54118,0
-0.5717,4.55588,0
-0.559,4.57059,0
-0.5463,4.58529,0
-0.559,4.6,0
 -0.559,4,0
-0.559,4.7,0
offset
0.004
-0.559,4.1,0
-0.555,4.1,0
 line -0.559,4.1,0 -0.555,4.1,0 
line -0.559,4.6,0 -0.555,4.6,0 
z e region w -0.5717,4.1,0 -0.5423,4.6,0 
extrude -0.559,4.1,0  0.81 0
0
-array -0.559,4.1,0  R 1 1 


 z e
_zoom w -0.923,4.1,0.19 0.097,5.01,0.19 spline
-0.413,4.1,0.19
-0.4003,4.11471,0.19
-0.413,4.12941,0.19
-0.4257,4.14412,0.19
-0.413,4.15882,0.19
-0.4003,4.17353,0.19
-0.413,4.18824,0.19
-0.4257,4.20294,0.19
-0.413,4.21765,0.19
-0.4003,4.23235,0.19
-0.413,4.24706,0.19
-0.4257,4.26176,0.19
-0.413,4.27647,0.19
-0.4003,4.29118,0.19
-0.413,4.30588,0.19
-0.4257,4.32059,0.19
-0.413,4.33529,0.19
-0.4003,4.35,0.19
-0.413,4.36471,0.19
-0.4257,4.37941,0.19
-0.413,4.39412,0.19
-0.4003,4.40882,0.19
-0.413,4.42353,0.19
-0.4257,4.43824,0.19
-0.413,4.45294,0.19
-0.4003,4.46765,0.19
-0.413,4.48235,0.19
-0.4257,4.49706,0.19
-0.413,4.51176,0.19
-0.4003,4.52647,0.19
-0.413,4.54118,0.19
-0.4257,4.55588,0.19
-0.413,4.57059,0.19
-0.4003,4.58529,0.19
-0.413,4.6,0.19
 -0.413,4,0.19
-0.413,4.7,0.19
offset
0.004
-0.413,4.1,0.19
-0.409,4.1,0.19
 line -0.413,4.1,0.19 -0.409,4.1,0.19 
line -0.413,4.6,0.19 -0.409,4.6,0.19 
z e region w -0.4257,4.1,0.19 -0.3963,4.6,0.19 
extrude -0.413,4.1,0.19  0.9 0
0
-array -0.413,4.1,0.19  R 1 1 


 z e
_zoom w -0.79,3.45,0 0.23,4.27,0 spline
-0.28,3.45,0
-0.2673,3.46471,0
-0.28,3.47941,0
-0.2927,3.49412,0
-0.28,3.50882,0
-0.2673,3.52353,0
-0.28,3.53824,0
-0.2927,3.55294,0
-0.28,3.56765,0
-0.2673,3.58235,0
-0.28,3.59706,0
-0.2927,3.61176,0
-0.28,3.62647,0
-0.2673,3.64118,0
-0.28,3.65588,0
-0.2927,3.67059,0
-0.28,3.68529,0
-0.2673,3.7,0
-0.28,3.71471,0
-0.2927,3.72941,0
-0.28,3.74412,0
-0.2673,3.75882,0
-0.28,3.77353,0
-0.2927,3.78824,0
-0.28,3.80294,0
-0.2673,3.81765,0
-0.28,3.83235,0
-0.2927,3.84706,0
-0.28,3.86176,0
-0.2673,3.87647,0
-0.28,3.89118,0
-0.2927,3.90588,0
-0.28,3.92059,0
-0.2673,3.93529,0
-0.28,3.95,0
 -0.28,3.35,0
-0.28,4.05,0
offset
0.004
-0.28,3.45,0
-0.276,3.45,0
 line -0.28,3.45,0 -0.276,3.45,0 
line -0.28,3.95,0 -0.276,3.95,0 
z e region w -0.2927,3.45,0 -0.2633,3.95,0 
extrude -0.28,3.45,0  0.81 0
0
-array -0.28,3.45,0  R 1 1 


 z e
_zoom w -0.936,3.45,0.19 0.084,4.36,0.19 spline
-0.426,3.45,0.19
-0.4133,3.46471,0.19
-0.426,3.47941,0.19
-0.4387,3.49412,0.19
-0.426,3.50882,0.19
-0.4133,3.52353,0.19
-0.426,3.53824,0.19
-0.4387,3.55294,0.19
-0.426,3.56765,0.19
-0.4133,3.58235,0.19
-0.426,3.59706,0.19
-0.4387,3.61176,0.19
-0.426,3.62647,0.19
-0.4133,3.64118,0.19
-0.426,3.65588,0.19
-0.4387,3.67059,0.19
-0.426,3.68529,0.19
-0.4133,3.7,0.19
-0.426,3.71471,0.19
-0.4387,3.72941,0.19
-0.426,3.74412,0.19
-0.4133,3.75882,0.19
-0.426,3.77353,0.19
-0.4387,3.78824,0.19
-0.426,3.80294,0.19
-0.4133,3.81765,0.19
-0.426,3.83235,0.19
-0.4387,3.84706,0.19
-0.426,3.86176,0.19
-0.4133,3.87647,0.19
-0.426,3.89118,0.19
-0.4387,3.90588,0.19
-0.426,3.92059,0.19
-0.4133,3.93529,0.19
-0.426,3.95,0.19
 -0.426,3.35,0.19
-0.426,4.05,0.19
offset
0.004
-0.426,3.45,0.19
-0.422,3.45,0.19
 line -0.426,3.45,0.19 -0.422,3.45,0.19 
line -0.426,3.95,0.19 -0.422,3.95,0.19 
z e region w -0.4387,3.45,0.19 -0.4093,3.95,0.19 
extrude -0.426,3.45,0.19  0.9 0
0
-array -0.426,3.45,0.19  R 1 1 


 z e
_zoom w -1.083,3.45,0 -0.063,4.27,0 spline
-0.573,3.45,0
-0.5603,3.46471,0
-0.573,3.47941,0
-0.5857,3.49412,0
-0.573,3.50882,0
-0.5603,3.52353,0
-0.573,3.53824,0
-0.5857,3.55294,0
-0.573,3.56765,0
-0.5603,3.58235,0
-0.573,3.59706,0
-0.5857,3.61176,0
-0.573,3.62647,0
-0.5603,3.64118,0
-0.573,3.65588,0
-0.5857,3.67059,0
-0.573,3.68529,0
-0.5603,3.7,0
-0.573,3.71471,0
-0.5857,3.72941,0
-0.573,3.74412,0
-0.5603,3.75882,0
-0.573,3.77353,0
-0.5857,3.78824,0
-0.573,3.80294,0
-0.5603,3.81765,0
-0.573,3.83235,0
-0.5857,3.84706,0
-0.573,3.86176,0
-0.5603,3.87647,0
-0.573,3.89118,0
-0.5857,3.90588,0
-0.573,3.92059,0
-0.5603,3.93529,0
-0.573,3.95,0
 -0.573,3.35,0
-0.573,4.05,0
offset
0.004
-0.573,3.45,0
-0.569,3.45,0
 line -0.573,3.45,0 -0.569,3.45,0 
line -0.573,3.95,0 -0.569,3.95,0 
z e region w -0.5857,3.45,0 -0.5563,3.95,0 
extrude -0.573,3.45,0  0.81 0
0
-array -0.573,3.45,0  R 1 1 


 z e
_zoom w -1.23,3.45,0.19 -0.21,4.36,0.19 spline
-0.72,3.45,0.19
-0.7073,3.46471,0.19
-0.72,3.47941,0.19
-0.7327,3.49412,0.19
-0.72,3.50882,0.19
-0.7073,3.52353,0.19
-0.72,3.53824,0.19
-0.7327,3.55294,0.19
-0.72,3.56765,0.19
-0.7073,3.58235,0.19
-0.72,3.59706,0.19
-0.7327,3.61176,0.19
-0.72,3.62647,0.19
-0.7073,3.64118,0.19
-0.72,3.65588,0.19
-0.7327,3.67059,0.19
-0.72,3.68529,0.19
-0.7073,3.7,0.19
-0.72,3.71471,0.19
-0.7327,3.72941,0.19
-0.72,3.74412,0.19
-0.7073,3.75882,0.19
-0.72,3.77353,0.19
-0.7327,3.78824,0.19
-0.72,3.80294,0.19
-0.7073,3.81765,0.19
-0.72,3.83235,0.19
-0.7327,3.84706,0.19
-0.72,3.86176,0.19
-0.7073,3.87647,0.19
-0.72,3.89118,0.19
-0.7327,3.90588,0.19
-0.72,3.92059,0.19
-0.7073,3.93529,0.19
-0.72,3.95,0.19
 -0.72,3.35,0.19
-0.72,4.05,0.19
offset
0.004
-0.72,3.45,0.19
-0.716,3.45,0.19
 line -0.72,3.45,0.19 -0.716,3.45,0.19 
line -0.72,3.95,0.19 -0.716,3.95,0.19 
z e region w -0.7327,3.45,0.19 -0.7033,3.95,0.19 
extrude -0.72,3.45,0.19  0.9 0
0
-array -0.72,3.45,0.19  R 1 1 


 z e
_zoom w -1.515,3.45,0 -0.495,4.063,0 spline
-1.005,3.45,0
-0.9923,3.46471,0
-1.005,3.47941,0
-1.0177,3.49412,0
-1.005,3.50882,0
-0.9923,3.52353,0
-1.005,3.53824,0
-1.0177,3.55294,0
-1.005,3.56765,0
-0.9923,3.58235,0
-1.005,3.59706,0
-1.0177,3.61176,0
-1.005,3.62647,0
-0.9923,3.64118,0
-1.005,3.65588,0
-1.0177,3.67059,0
-1.005,3.68529,0
-0.9923,3.7,0
-1.005,3.71471,0
-1.0177,3.72941,0
-1.005,3.74412,0
-0.9923,3.75882,0
-1.005,3.77353,0
-1.0177,3.78824,0
-1.005,3.80294,0
-0.9923,3.81765,0
-1.005,3.83235,0
-1.0177,3.84706,0
-1.005,3.86176,0
-0.9923,3.87647,0
-1.005,3.89118,0
-1.0177,3.90588,0
-1.005,3.92059,0
-0.9923,3.93529,0
-1.005,3.95,0
 -1.005,3.35,0
-1.005,4.05,0
offset
0.004
-1.005,3.45,0
-1.001,3.45,0
 line -1.005,3.45,0 -1.001,3.45,0 
line -1.005,3.95,0 -1.001,3.95,0 
z e region w -1.0177,3.45,0 -0.9883,3.95,0 
extrude -1.005,3.45,0  0.603 0
0
-array -1.005,3.45,0  R 1 1 


 z e
_zoom w -1.8,3.45,0.397 -0.78,4.16,0.397 spline
-1.29,3.45,0.397
-1.2773,3.46471,0.397
-1.29,3.47941,0.397
-1.3027,3.49412,0.397
-1.29,3.50882,0.397
-1.2773,3.52353,0.397
-1.29,3.53824,0.397
-1.3027,3.55294,0.397
-1.29,3.56765,0.397
-1.2773,3.58235,0.397
-1.29,3.59706,0.397
-1.3027,3.61176,0.397
-1.29,3.62647,0.397
-1.2773,3.64118,0.397
-1.29,3.65588,0.397
-1.3027,3.67059,0.397
-1.29,3.68529,0.397
-1.2773,3.7,0.397
-1.29,3.71471,0.397
-1.3027,3.72941,0.397
-1.29,3.74412,0.397
-1.2773,3.75882,0.397
-1.29,3.77353,0.397
-1.3027,3.78824,0.397
-1.29,3.80294,0.397
-1.2773,3.81765,0.397
-1.29,3.83235,0.397
-1.3027,3.84706,0.397
-1.29,3.86176,0.397
-1.2773,3.87647,0.397
-1.29,3.89118,0.397
-1.3027,3.90588,0.397
-1.29,3.92059,0.397
-1.2773,3.93529,0.397
-1.29,3.95,0.397
 -1.29,3.35,0.397
-1.29,4.05,0.397
offset
0.004
-1.29,3.45,0.397
-1.286,3.45,0.397
 line -1.29,3.45,0.397 -1.286,3.45,0.397 
line -1.29,3.95,0.397 -1.286,3.95,0.397 
z e region w -1.3027,3.45,0.397 -1.2733,3.95,0.397 
extrude -1.29,3.45,0.397  0.7 0
0
-array -1.29,3.45,0.397  R 1 1 


 z e
_zoom w -2.084,3.45,0 -1.064,4.063,0 spline
-1.574,3.45,0
-1.5613,3.46471,0
-1.574,3.47941,0
-1.5867,3.49412,0
-1.574,3.50882,0
-1.5613,3.52353,0
-1.574,3.53824,0
-1.5867,3.55294,0
-1.574,3.56765,0
-1.5613,3.58235,0
-1.574,3.59706,0
-1.5867,3.61176,0
-1.574,3.62647,0
-1.5613,3.64118,0
-1.574,3.65588,0
-1.5867,3.67059,0
-1.574,3.68529,0
-1.5613,3.7,0
-1.574,3.71471,0
-1.5867,3.72941,0
-1.574,3.74412,0
-1.5613,3.75882,0
-1.574,3.77353,0
-1.5867,3.78824,0
-1.574,3.80294,0
-1.5613,3.81765,0
-1.574,3.83235,0
-1.5867,3.84706,0
-1.574,3.86176,0
-1.5613,3.87647,0
-1.574,3.89118,0
-1.5867,3.90588,0
-1.574,3.92059,0
-1.5613,3.93529,0
-1.574,3.95,0
 -1.574,3.35,0
-1.574,4.05,0
offset
0.004
-1.574,3.45,0
-1.57,3.45,0
 line -1.574,3.45,0 -1.57,3.45,0 
line -1.574,3.95,0 -1.57,3.95,0 
z e region w -1.5867,3.45,0 -1.5573,3.95,0 
extrude -1.574,3.45,0  0.603 0
0
-array -1.574,3.45,0  R 1 1 


 z e
_zoom w -2.369,3.45,0.397 -1.349,4.16,0.397 spline
-1.859,3.45,0.397
-1.8463,3.46471,0.397
-1.859,3.47941,0.397
-1.8717,3.49412,0.397
-1.859,3.50882,0.397
-1.8463,3.52353,0.397
-1.859,3.53824,0.397
-1.8717,3.55294,0.397
-1.859,3.56765,0.397
-1.8463,3.58235,0.397
-1.859,3.59706,0.397
-1.8717,3.61176,0.397
-1.859,3.62647,0.397
-1.8463,3.64118,0.397
-1.859,3.65588,0.397
-1.8717,3.67059,0.397
-1.859,3.68529,0.397
-1.8463,3.7,0.397
-1.859,3.71471,0.397
-1.8717,3.72941,0.397
-1.859,3.74412,0.397
-1.8463,3.75882,0.397
-1.859,3.77353,0.397
-1.8717,3.78824,0.397
-1.859,3.80294,0.397
-1.8463,3.81765,0.397
-1.859,3.83235,0.397
-1.8717,3.84706,0.397
-1.859,3.86176,0.397
-1.8463,3.87647,0.397
-1.859,3.89118,0.397
-1.8717,3.90588,0.397
-1.859,3.92059,0.397
-1.8463,3.93529,0.397
-1.859,3.95,0.397
 -1.859,3.35,0.397
-1.859,4.05,0.397
offset
0.004
-1.859,3.45,0.397
-1.855,3.45,0.397
 line -1.859,3.45,0.397 -1.855,3.45,0.397 
line -1.859,3.95,0.397 -1.855,3.95,0.397 
z e region w -1.8717,3.45,0.397 -1.8423,3.95,0.397 
extrude -1.859,3.45,0.397  0.7 0
0
-array -1.859,3.45,0.397  R 1 1 


 z e
_zoom w -2.654,3.45,0 -1.634,4.063,0 spline
-2.144,3.45,0
-2.1313,3.46471,0
-2.144,3.47941,0
-2.1567,3.49412,0
-2.144,3.50882,0
-2.1313,3.52353,0
-2.144,3.53824,0
-2.1567,3.55294,0
-2.144,3.56765,0
-2.1313,3.58235,0
-2.144,3.59706,0
-2.1567,3.61176,0
-2.144,3.62647,0
-2.1313,3.64118,0
-2.144,3.65588,0
-2.1567,3.67059,0
-2.144,3.68529,0
-2.1313,3.7,0
-2.144,3.71471,0
-2.1567,3.72941,0
-2.144,3.74412,0
-2.1313,3.75882,0
-2.144,3.77353,0
-2.1567,3.78824,0
-2.144,3.80294,0
-2.1313,3.81765,0
-2.144,3.83235,0
-2.1567,3.84706,0
-2.144,3.86176,0
-2.1313,3.87647,0
-2.144,3.89118,0
-2.1567,3.90588,0
-2.144,3.92059,0
-2.1313,3.93529,0
-2.144,3.95,0
 -2.144,3.35,0
-2.144,4.05,0
offset
0.004
-2.144,3.45,0
-2.14,3.45,0
 line -2.144,3.45,0 -2.14,3.45,0 
line -2.144,3.95,0 -2.14,3.95,0 
z e region w -2.1567,3.45,0 -2.1273,3.95,0 
extrude -2.144,3.45,0  0.603 0
0
-array -2.144,3.45,0  R 1 1 


 z e
_zoom w -2.939,3.45,0.397 -1.919,4.16,0.397 spline
-2.429,3.45,0.397
-2.4163,3.46471,0.397
-2.429,3.47941,0.397
-2.4417,3.49412,0.397
-2.429,3.50882,0.397
-2.4163,3.52353,0.397
-2.429,3.53824,0.397
-2.4417,3.55294,0.397
-2.429,3.56765,0.397
-2.4163,3.58235,0.397
-2.429,3.59706,0.397
-2.4417,3.61176,0.397
-2.429,3.62647,0.397
-2.4163,3.64118,0.397
-2.429,3.65588,0.397
-2.4417,3.67059,0.397
-2.429,3.68529,0.397
-2.4163,3.7,0.397
-2.429,3.71471,0.397
-2.4417,3.72941,0.397
-2.429,3.74412,0.397
-2.4163,3.75882,0.397
-2.429,3.77353,0.397
-2.4417,3.78824,0.397
-2.429,3.80294,0.397
-2.4163,3.81765,0.397
-2.429,3.83235,0.397
-2.4417,3.84706,0.397
-2.429,3.86176,0.397
-2.4163,3.87647,0.397
-2.429,3.89118,0.397
-2.4417,3.90588,0.397
-2.429,3.92059,0.397
-2.4163,3.93529,0.397
-2.429,3.95,0.397
 -2.429,3.35,0.397
-2.429,4.05,0.397
offset
0.004
-2.429,3.45,0.397
-2.425,3.45,0.397
 line -2.429,3.45,0.397 -2.425,3.45,0.397 
line -2.429,3.95,0.397 -2.425,3.95,0.397 
z e region w -2.4417,3.45,0.397 -2.4123,3.95,0.397 
extrude -2.429,3.45,0.397  0.7 0
0
-array -2.429,3.45,0.397  R 1 1 


 z e
_zoom w -3.224,3.45,0 -2.204,4.063,0 spline
-2.714,3.45,0
-2.7013,3.46471,0
-2.714,3.47941,0
-2.7267,3.49412,0
-2.714,3.50882,0
-2.7013,3.52353,0
-2.714,3.53824,0
-2.7267,3.55294,0
-2.714,3.56765,0
-2.7013,3.58235,0
-2.714,3.59706,0
-2.7267,3.61176,0
-2.714,3.62647,0
-2.7013,3.64118,0
-2.714,3.65588,0
-2.7267,3.67059,0
-2.714,3.68529,0
-2.7013,3.7,0
-2.714,3.71471,0
-2.7267,3.72941,0
-2.714,3.74412,0
-2.7013,3.75882,0
-2.714,3.77353,0
-2.7267,3.78824,0
-2.714,3.80294,0
-2.7013,3.81765,0
-2.714,3.83235,0
-2.7267,3.84706,0
-2.714,3.86176,0
-2.7013,3.87647,0
-2.714,3.89118,0
-2.7267,3.90588,0
-2.714,3.92059,0
-2.7013,3.93529,0
-2.714,3.95,0
 -2.714,3.35,0
-2.714,4.05,0
offset
0.004
-2.714,3.45,0
-2.71,3.45,0
 line -2.714,3.45,0 -2.71,3.45,0 
line -2.714,3.95,0 -2.71,3.95,0 
z e region w -2.7267,3.45,0 -2.6973,3.95,0 
extrude -2.714,3.45,0  0.603 0
0
-array -2.714,3.45,0  R 1 1 


 z e
-layer s 0
  
-layer f baffle
  
