-layer m grit-pipe
c t 0,255,255
grit-pipe
  
_zoom w -4.36195,5.73225,0.1524 -4.24765,5.84655,0.1524 _cylinder -4.3048,5.7894,0.1524 0.05715 2.1096 _cylinder -4.3048,5.7894,0.1524 0.0508 2.1096 _subtract -4.24765,5.7894,0.1524  -4.254,5.7894,0.1524 
_rotate3d -4.254,5.7894,0.1524  y -4.3048,5.7894,0.1524 -90
_zoom w -6.62395,5.88465,0.1524 -6.50965,5.99895,0.1524 _cylinder -6.5668,5.9418,0.1524 0.05715 0.39108 _cylinder -6.5668,5.9418,0.1524 0.0508 0.39108 _subtract -6.50965,5.9418,0.1524  -6.516,5.9418,0.1524 
_rotate3d -6.516,5.9418,0.1524  x -6.5668,5.9418,0.1524 -90
_zoom w -6.62395,6.42813,0.3048 -6.50965,6.54243,0.3048 _cylinder -6.5668,6.48528,0.3048 0.05715 1.57328 _cylinder -6.5668,6.48528,0.3048 0.0508 1.57328 _subtract -6.50965,6.48528,0.3048  -6.516,6.48528,0.3048 
_zoom w -6.62395,6.42813,2.08763 -6.50965,6.54243,2.08763 _cylinder -6.5668,6.48528,2.08763 0.05715 0.4572 _cylinder -6.5668,6.48528,2.08763 0.0508 0.4572 _subtract -6.50965,6.48528,2.08763  -6.516,6.48528,2.08763 
_zoom w -6.62395,6.53291,1.98285 -6.50965,6.64721,1.98285 _cylinder -6.5668,6.59006,1.98285 0.05715 0.10515 _cylinder -6.5668,6.59006,1.98285 0.0508 0.10515 _subtract -6.50965,6.59006,1.98285  -6.516,6.59006,1.98285 
_rotate3d -6.516,6.59006,1.98285  x -6.5668,6.59006,1.98285 -90
_zoom w -6.62395,6.79045,1.98285 -6.50965,6.90475,1.98285 _cylinder -6.5668,6.8476,1.98285 0.05715 0.18288 _cylinder -6.5668,6.8476,1.98285 0.0508 0.18288 _subtract -6.50965,6.8476,1.98285  -6.516,6.8476,1.98285 
_rotate3d -6.516,6.8476,1.98285  x -6.5668,6.8476,1.98285 -90
_zoom w -6.62395,7.18288,1.98285 -6.50965,7.29718,1.98285 _cylinder -6.5668,7.24003,1.98285 0.05715 0.114 _cylinder -6.5668,7.24003,1.98285 0.0508 0.114 _subtract -6.50965,7.24003,1.98285  -6.516,7.24003,1.98285 
_rotate3d -6.516,7.24003,1.98285  x -6.5668,7.24003,1.98285 -90
-array -6.516,7.24003,1.98285  P -6.5668,7.13526,1.98285 2 -90 Y
-array -6.516,7.24003,1.98285  P -6.5668,7.13526,1.98285 2 90 Y
_copy -6.67158,7.19241,1.98285 -6.46203,7.19241,1.98285  -6.67158,7.13526,1.98285 -6.67158,7.45881,1.98285 
-layer s 0
  
-layer f grit-pipe
  
-layer m grit-riser
c t 0,255,255
grit-riser
  
_-view o t _zoom w -6.25278,7.40166,2.13526 -6.13848,7.61596,2.13526 _cylinder -6.19563,7.45881,2.13526 0.05715 0.762 _cylinder -6.19563,7.45881,2.13526 0.0508 0.762 _subtract -6.13848,7.45881,2.13526  -6.14483,7.45881,2.13526 
_cylinder -6.19563,7.45881,2.7884 0.00635 a -6.19563,7.61596,2.7884
_-view o r
-array 7.61596,2.7884,-6.19563  R 7 1 -0.10886 _-view o t _subtract -6.19563,7.40166  -6.08928,7.71596 -6.30198,7.35881 
_copy -6.14483,7.45881,2.13526  -6.15723,7.45881,2.13526 @0,-0.32355,0 @-0.74235,0,0 @-0.74235,-0.32355,0 
-layer s 0
  
-layer f grit-riser
  
-layer m grit-cross
c t 127,0,255
grit-cross
  
_-view o t _zoom w -6.72858,7.17145,1.98285 -6.40503,7.30861,1.98285 _cylinder -6.5668,7.24003,1.98285 0.05715 0.20955 _cylinder -6.5668,7.24003,2.08763 0.05715 a -6.46203,7.24003,2.08763 _zoom e
_union -6.62395,7.24003,1.98285 -6.46203,7.29718,2.08763  _cylinder -6.5668,7.24003,1.98285 0.0508 0.20955 _cylinder -6.5668,7.24003,2.08763 0.0508 a -6.46203,7.24003,2.08763 _zoom e
_subtract -6.62395,7.24003,1.98285  -6.5668,7.24003,1.98285  _subtract -6.62395,7.24003,1.98285  -6.6176,7.24003,1.98285  _cylinder -6.5668,7.24003,1.98285 0.06858 -0.057
_cylinder -6.5668,7.24003,1.98285 0.05715 -0.057 _subtract -6.63538,7.24003,1.98285  -6.62395,7.24003,1.92586  _-view o f
_mirror -6.5668,1.92586,-7.30861  -6.5668,2.08763 -6.4668,1.98763  _mirror -6.5668,1.92586,-7.30861  -6.5668,2.08763 -6.4668,2.08763  _zoom e
_union -6.5668,2.24941,-7.24003 -6.40503,2.08763,-7.24003 -6.5668,1.92586,-7.24003 -6.5668,2.03366,-7.24003  _zoom e _mirror -6.5668,2.03366,7.24003  -6.5668,1.98285 -6.5668,2.08286  _-view o t
_cylinder -6.67158,7.24003,2.08763 0.0508 a -6.46203,7.24003,2.08763 _subtract -6.61919,7.18288,1.98285 -6.51441,7.18288,1.98285  -6.5668,7.24003,2.01905  _-view o f
_mirror -6.40503,2.08763,-7.17145  -6.5668,1.98285 -6.5668,2.19241  _union all  _-view o t
_rotate3d -6.67158,7.24003,1.98285  x -6.5668,7.24003,1.98285 90
-layer s 0
  
-layer f grit-cross
  
-layer m grit-elbow1
c t 0,255,0
grit-elbow1
  
_-view o t _zoom w -6.39822,6.32828,0.3048 -6.7192,6.80626,0.3048 _torus -6.7192,6.48528,0.3048 0.1524 0.05715 _box -6.94018,6.2643,0.24765 -6.7192,6.70626,0.36195 _subtract -6.50965,6.48528,0.3048  -6.7192,6.48528,0.3048 
_torus -6.7192,6.48528,0.3048 0.1524 0.0508 _subtract -6.50965,6.48528,0.3048  -6.9224,6.48528,0.3048  _box -6.7192,6.27573,0.24765 -6.50965,6.48528,0.36195 _subtract -6.7192,6.63768,0.3048  -6.7192,6.48528,0.3048 
_cylinder -6.7192,6.63768,0.3048 0.06858 a -6.7762,6.63768,0.3048 _cylinder -6.7192,6.63768,0.3048 0.05715 a -6.7762,6.63768,0.3048 _subtract -6.7192,6.5691,0.3048  -6.8762,6.58053,0.3048 -6.6192,6.69483,0.3048 
_mirror -6.7762,6.5691,0.3048  -6.7192,6.48528 -6.6192,6.58528  _union -6.7192,6.48528,0.3048 1 @0.20955<45 -6.5668,6.42828,0.3048 -6.7762,6.63768,0.3048 
_rotate3d -6.5668,6.48528,0.3048  x -6.5668,6.48528,0.3048 -90
_rotate3d -6.5668,6.48528,0.3048  z -6.5668,6.48528,0.3048 90
_-view o t _zoom w -6.39822,5.7848,0.1524 -6.7192,6.26278,0.1524 _torus -6.7192,5.9418,0.1524 0.1524 0.05715 _box -6.94018,5.72082,0.09525 -6.7192,6.16278,0.20955 _subtract -6.50965,5.9418,0.1524  -6.7192,5.9418,0.1524 
_torus -6.7192,5.9418,0.1524 0.1524 0.0508 _subtract -6.50965,5.9418,0.1524  -6.9224,5.9418,0.1524  _box -6.7192,5.73225,0.09525 -6.50965,5.9418,0.20955 _subtract -6.7192,6.0942,0.1524  -6.7192,5.9418,0.1524 
_cylinder -6.7192,6.0942,0.1524 0.06858 a -6.7762,6.0942,0.1524 _cylinder -6.7192,6.0942,0.1524 0.05715 a -6.7762,6.0942,0.1524 _subtract -6.7192,6.02562,0.1524  -6.8762,6.03705,0.1524 -6.6192,6.15135,0.1524 
_mirror -6.7762,6.02562,0.1524  -6.7192,5.9418 -6.6192,6.0418  _union -6.7192,5.9418,0.1524 1 @0.20955<45 -6.5668,5.8848,0.1524 -6.7762,6.0942,0.1524 
_rotate3d -6.5668,5.9418,0.1524  z -6.5668,5.9418,0.1524 180
-layer s 0
  
-layer f grit-elbow1
  
-layer m grit-elbow2
c t 0,255,0
grit-elbow2
  
_-view o t _zoom w -6.17945,6.97826,1.98285 -6.50043,7.45624,1.98285 _torus -6.50043,7.13526,1.98285 0.1524 0.05715 _box -6.72141,6.91428,1.9257 -6.50043,7.35624,2.04 _subtract -6.29088,7.13526,1.98285  -6.50043,7.13526,1.98285 
_torus -6.50043,7.13526,1.98285 0.1524 0.0508 _subtract -6.29088,7.13526,1.98285  -6.70363,7.13526,1.98285  _box -6.50043,6.92571,1.9257 -6.29088,7.13526,2.04 _subtract -6.50043,7.28766,1.98285  -6.50043,7.13526,1.98285 
_cylinder -6.50043,7.28766,1.98285 0.06858 a -6.55743,7.28766,1.98285 _cylinder -6.50043,7.28766,1.98285 0.05715 a -6.55743,7.28766,1.98285 _subtract -6.50043,7.21908,1.98285  -6.65743,7.23051,1.98285 -6.40043,7.34481,1.98285 
_mirror -6.55743,7.21908,1.98285  -6.50043,7.13526 -6.40043,7.23526  _union -6.50043,7.13526,1.98285 1 @0.20955<45 -6.34803,7.07826,1.98285 -6.55743,7.28766,1.98285 
_rotate3d -6.34803,7.13526,1.98285  z -6.34803,7.13526,1.98285 -90
_rotate3d -6.34803,7.13526,1.98285  x -6.34803,7.13526,1.98285 90
_copy -6.34803,7.13526,1.98285  -6.34803,7.13526,1.98285 @0,0.32355,0 
_zoom e
_mirror -6.34803,7.13526,1.98285 -6.34803,7.45881,1.98285  -6.5668,7.24003 -6.5668,7.44958 
-layer s 0
  
-layer f grit-elbow2
  
-layer m grit-tee1
c t 0,191,255
grit-tee1
  
_-view o t _zoom w -6.72858,6.4167,2.08763 -6.40503,6.55386,2.08763 _cylinder -6.5668,6.48528,2.08763 0.05715 0.20955 _cylinder -6.5668,6.48528,2.19241 0.05715 a -6.46203,6.48528,2.19241
_union -6.62395,6.48528,2.08763 -6.46203,6.54243,2.19241  _cylinder -6.5668,6.48528,2.08763 0.0508 0.20955 _cylinder -6.5668,6.48528,2.19241 0.0508 a -6.46203,6.48528,2.19241
_subtract -6.62395,6.48528,2.08763  -6.5668,6.48528,2.08763  _subtract -6.62395,6.48528,2.08763  -6.6176,6.48528,2.08763  _cylinder -6.5668,6.48528,2.08763 0.06858 -0.057
_cylinder -6.5668,6.48528,2.08763 0.05715 -0.057 _subtract -6.63538,6.48528,2.08763  -6.62395,6.48528,2.03063  _-view o f
_zoom w -6.73538,1.93063,-6.48528 -6.30503,2.45418,-6.48528 _mirror -6.5668,2.03063,-6.55386  -6.5668,2.19241 -6.4668,2.0924  _mirror -6.5668,2.03063,-6.55386  -6.5668,2.19241 -6.4668,2.19241 
_union -6.5668,2.35418,-6.48528 -6.40503,2.19241,-6.48528 -6.5668,2.03063,-6.48528 -6.5668,2.13843,-6.48528  _-view o t
_move -6.516,6.48528,2.08763  -6.5668,6.48528,2.08763 @0,0,-0.20955
_rotate3d -6.516,6.48528,2.08763  z -6.5668,6.48528,2.08763 90
-layer s 0
  
-layer f grit-tee1
  
-layer m grit-tee2
c t 0,191,255
grit-tee2
  
_-view o t _zoom w -6.72858,7.39023,1.87808 -6.40503,7.52739,1.87808 _cylinder -6.5668,7.45881,1.87808 0.05715 0.20955 _cylinder -6.5668,7.45881,1.98285 0.05715 a -6.46203,7.45881,1.98285
_union -6.62395,7.45881,1.87808 -6.46203,7.51596,1.98285  _cylinder -6.5668,7.45881,1.87808 0.0508 0.20955 _cylinder -6.5668,7.45881,1.98285 0.0508 a -6.46203,7.45881,1.98285
_subtract -6.62395,7.45881,1.87808  -6.5668,7.45881,1.87808  _subtract -6.62395,7.45881,1.87808  -6.6176,7.45881,1.87808  _cylinder -6.5668,7.45881,1.87808 0.06858 -0.057
_cylinder -6.5668,7.45881,1.87808 0.05715 -0.057 _subtract -6.63538,7.45881,1.87808  -6.62395,7.45881,1.82108  _-view o f
_zoom w -6.73538,1.72108,-7.45881 -6.30503,2.24463,-7.45881 _mirror -6.5668,1.82108,-7.52739  -6.5668,1.98285 -6.4668,1.88285  _mirror -6.5668,1.82108,-7.52739  -6.5668,1.98285 -6.4668,1.98285 
_union -6.5668,2.14463,-7.45881 -6.40503,1.98285,-7.45881 -6.5668,1.82108,-7.45881 -6.5668,1.92888,-7.45881  _-view o t
_rotate3d -6.516,7.45881,1.87808  y -6.5668,7.45881,1.98285 90
_rotate3d -6.516,7.45881,1.87808  x -6.5668,7.45881,1.98285 -90
-layer m grit-tank
c t 132,132,132
grit-tank
  
_-view o t _zoom w -5.7048,6.5952,1.6952 -7.4288,8.3192,2.6096 _box -5.9572,6.8476,1.6952 -7.1764,8.0668,2.6096 _box -5.8048,6.6952,1.5428 -7.3288,8.2192,2.6096 _subtract -5.8048,6.6952,1.5428  -5.9572,6.8476,1.6952 
-layer s 0
  
-layer f grit-tank
  
-layer f grit-tee2
  
