-layer m floctank
c t 91,91,91
floctank
  
_-view o t _zoom w 0.16,6.767,0 -9.7782,11.555,2.65 _box 0,6.927,0 -9.6182,11.395,2.65 _box 0.15,6.777,-0.15 -9.7682,11.545,2.65 _subtract 0.15,6.777,-0.15  0,6.927,0 
-layer s 0
  
-layer f floctank
  
-layer m floctankwall
c t 91,91,91
floctankwall
  
_box -9.7682,9.086,0 0.15,9.236,2.65
_box -0.55637,9.086,0 0,9.236,2.159
_subtract -9.7682,9.086,0  -0.55637,9.086,0 
-layer s 0
  
-layer t floctank
  
_union all 
-layer s 0
  
-layer f floctankwall
  
-layer m flocchannelhole
c t 91,91,91
flocchannelhole
  
_box -9.6182,6.777,1.26107 -9.01193,6.927,2.65
-layer s 0
  
-layer t floctankwall
  
_-view o t
_subtract 0,6.927,0  -9.6182,6.777,1.26107 
_union all 
-layer f floctankwall
  
-layer m baffle
c t 125,0,160
baffle
  
_zoom w -11.64664,9.236,0 -7.30864,11.65944,0 spline
-9.47764,9.236,0
-9.46494,9.2995,0
-9.47764,9.363,0
-9.49034,9.4265,0
-9.47764,9.49,0
-9.46494,9.5535,0
-9.47764,9.617,0
-9.49034,9.6805,0
-9.47764,9.744,0
-9.46494,9.8075,0
-9.47764,9.871,0
-9.49034,9.9345,0
-9.47764,9.998,0
-9.46494,10.0615,0
-9.47764,10.125,0
-9.49034,10.1885,0
-9.47764,10.252,0
-9.46494,10.3155,0
-9.47764,10.379,0
-9.49034,10.4425,0
-9.47764,10.506,0
-9.46494,10.5695,0
-9.47764,10.633,0
-9.49034,10.6965,0
-9.47764,10.76,0
-9.46494,10.8235,0
-9.47764,10.887,0
-9.49034,10.9505,0
-9.47764,11.014,0
-9.46494,11.0775,0
-9.47764,11.141,0
-9.49034,11.2045,0
-9.47764,11.268,0
-9.46494,11.3315,0
-9.47764,11.395,0
 -9.47764,9.136,0
-9.47764,11.495,0
offset
0.004
-9.47764,9.236,0
-9.47364,9.236,0
 line -9.47764,9.236,0 -9.47364,9.236,0 
line -9.47764,11.395,0 -9.47364,11.395,0 
z e region w -9.49034,9.236,0 -9.46094,11.395,0 
extrude -9.47764,9.236,0  2.41344 0
0
-array -9.47764,9.236,0  R 1 1 


 z e
_zoom w -11.50609,9.236,0.13656 -7.16809,11.75944,0.13656 spline
-9.33709,9.236,0.13656
-9.32439,9.2995,0.13656
-9.33709,9.363,0.13656
-9.34979,9.4265,0.13656
-9.33709,9.49,0.13656
-9.32439,9.5535,0.13656
-9.33709,9.617,0.13656
-9.34979,9.6805,0.13656
-9.33709,9.744,0.13656
-9.32439,9.8075,0.13656
-9.33709,9.871,0.13656
-9.34979,9.9345,0.13656
-9.33709,9.998,0.13656
-9.32439,10.0615,0.13656
-9.33709,10.125,0.13656
-9.34979,10.1885,0.13656
-9.33709,10.252,0.13656
-9.32439,10.3155,0.13656
-9.33709,10.379,0.13656
-9.34979,10.4425,0.13656
-9.33709,10.506,0.13656
-9.32439,10.5695,0.13656
-9.33709,10.633,0.13656
-9.34979,10.6965,0.13656
-9.33709,10.76,0.13656
-9.32439,10.8235,0.13656
-9.33709,10.887,0.13656
-9.34979,10.9505,0.13656
-9.33709,11.014,0.13656
-9.32439,11.0775,0.13656
-9.33709,11.141,0.13656
-9.34979,11.2045,0.13656
-9.33709,11.268,0.13656
-9.32439,11.3315,0.13656
-9.33709,11.395,0.13656
 -9.33709,9.136,0.13656
-9.33709,11.495,0.13656
offset
0.004
-9.33709,9.236,0.13656
-9.33309,9.236,0.13656
 line -9.33709,9.236,0.13656 -9.33309,9.236,0.13656 
line -9.33709,11.395,0.13656 -9.33309,11.395,0.13656 
z e region w -9.34979,9.236,0.13656 -9.32039,11.395,0.13656 
extrude -9.33709,9.236,0.13656  2.51344 0
0
-array -9.33709,9.236,0.13656  R 1 1 


 z e
_zoom w -11.36553,9.236,0 -7.02753,11.65944,0 spline
-9.19653,9.236,0
-9.18383,9.2995,0
-9.19653,9.363,0
-9.20923,9.4265,0
-9.19653,9.49,0
-9.18383,9.5535,0
-9.19653,9.617,0
-9.20923,9.6805,0
-9.19653,9.744,0
-9.18383,9.8075,0
-9.19653,9.871,0
-9.20923,9.9345,0
-9.19653,9.998,0
-9.18383,10.0615,0
-9.19653,10.125,0
-9.20923,10.1885,0
-9.19653,10.252,0
-9.18383,10.3155,0
-9.19653,10.379,0
-9.20923,10.4425,0
-9.19653,10.506,0
-9.18383,10.5695,0
-9.19653,10.633,0
-9.20923,10.6965,0
-9.19653,10.76,0
-9.18383,10.8235,0
-9.19653,10.887,0
-9.20923,10.9505,0
-9.19653,11.014,0
-9.18383,11.0775,0
-9.19653,11.141,0
-9.20923,11.2045,0
-9.19653,11.268,0
-9.18383,11.3315,0
-9.19653,11.395,0
 -9.19653,9.136,0
-9.19653,11.495,0
offset
0.004
-9.19653,9.236,0
-9.19253,9.236,0
 line -9.19653,9.236,0 -9.19253,9.236,0 
line -9.19653,11.395,0 -9.19253,11.395,0 
z e region w -9.20923,9.236,0 -9.17983,11.395,0 
extrude -9.19653,9.236,0  2.41344 0
0
-array -9.19653,9.236,0  R 1 1 


 z e
_zoom w -11.22497,9.236,0.13656 -6.88697,11.75944,0.13656 spline
-9.05597,9.236,0.13656
-9.04327,9.2995,0.13656
-9.05597,9.363,0.13656
-9.06867,9.4265,0.13656
-9.05597,9.49,0.13656
-9.04327,9.5535,0.13656
-9.05597,9.617,0.13656
-9.06867,9.6805,0.13656
-9.05597,9.744,0.13656
-9.04327,9.8075,0.13656
-9.05597,9.871,0.13656
-9.06867,9.9345,0.13656
-9.05597,9.998,0.13656
-9.04327,10.0615,0.13656
-9.05597,10.125,0.13656
-9.06867,10.1885,0.13656
-9.05597,10.252,0.13656
-9.04327,10.3155,0.13656
-9.05597,10.379,0.13656
-9.06867,10.4425,0.13656
-9.05597,10.506,0.13656
-9.04327,10.5695,0.13656
-9.05597,10.633,0.13656
-9.06867,10.6965,0.13656
-9.05597,10.76,0.13656
-9.04327,10.8235,0.13656
-9.05597,10.887,0.13656
-9.06867,10.9505,0.13656
-9.05597,11.014,0.13656
-9.04327,11.0775,0.13656
-9.05597,11.141,0.13656
-9.06867,11.2045,0.13656
-9.05597,11.268,0.13656
-9.04327,11.3315,0.13656
-9.05597,11.395,0.13656
 -9.05597,9.136,0.13656
-9.05597,11.495,0.13656
offset
0.004
-9.05597,9.236,0.13656
-9.05197,9.236,0.13656
 line -9.05597,9.236,0.13656 -9.05197,9.236,0.13656 
line -9.05597,11.395,0.13656 -9.05197,11.395,0.13656 
z e region w -9.06867,9.236,0.13656 -9.03927,11.395,0.13656 
extrude -9.05597,9.236,0.13656  2.51344 0
0
-array -9.05597,9.236,0.13656  R 1 1 


 z e
_zoom w -11.08442,9.236,0 -6.74642,11.65944,0 spline
-8.91542,9.236,0
-8.90272,9.2995,0
-8.91542,9.363,0
-8.92812,9.4265,0
-8.91542,9.49,0
-8.90272,9.5535,0
-8.91542,9.617,0
-8.92812,9.6805,0
-8.91542,9.744,0
-8.90272,9.8075,0
-8.91542,9.871,0
-8.92812,9.9345,0
-8.91542,9.998,0
-8.90272,10.0615,0
-8.91542,10.125,0
-8.92812,10.1885,0
-8.91542,10.252,0
-8.90272,10.3155,0
-8.91542,10.379,0
-8.92812,10.4425,0
-8.91542,10.506,0
-8.90272,10.5695,0
-8.91542,10.633,0
-8.92812,10.6965,0
-8.91542,10.76,0
-8.90272,10.8235,0
-8.91542,10.887,0
-8.92812,10.9505,0
-8.91542,11.014,0
-8.90272,11.0775,0
-8.91542,11.141,0
-8.92812,11.2045,0
-8.91542,11.268,0
-8.90272,11.3315,0
-8.91542,11.395,0
 -8.91542,9.136,0
-8.91542,11.495,0
offset
0.004
-8.91542,9.236,0
-8.91142,9.236,0
 line -8.91542,9.236,0 -8.91142,9.236,0 
line -8.91542,11.395,0 -8.91142,11.395,0 
z e region w -8.92812,9.236,0 -8.89872,11.395,0 
extrude -8.91542,9.236,0  2.41344 0
0
-array -8.91542,9.236,0  R 1 1 


 z e
_zoom w -10.94386,9.236,0.13656 -6.60586,11.75944,0.13656 spline
-8.77486,9.236,0.13656
-8.76216,9.2995,0.13656
-8.77486,9.363,0.13656
-8.78756,9.4265,0.13656
-8.77486,9.49,0.13656
-8.76216,9.5535,0.13656
-8.77486,9.617,0.13656
-8.78756,9.6805,0.13656
-8.77486,9.744,0.13656
-8.76216,9.8075,0.13656
-8.77486,9.871,0.13656
-8.78756,9.9345,0.13656
-8.77486,9.998,0.13656
-8.76216,10.0615,0.13656
-8.77486,10.125,0.13656
-8.78756,10.1885,0.13656
-8.77486,10.252,0.13656
-8.76216,10.3155,0.13656
-8.77486,10.379,0.13656
-8.78756,10.4425,0.13656
-8.77486,10.506,0.13656
-8.76216,10.5695,0.13656
-8.77486,10.633,0.13656
-8.78756,10.6965,0.13656
-8.77486,10.76,0.13656
-8.76216,10.8235,0.13656
-8.77486,10.887,0.13656
-8.78756,10.9505,0.13656
-8.77486,11.014,0.13656
-8.76216,11.0775,0.13656
-8.77486,11.141,0.13656
-8.78756,11.2045,0.13656
-8.77486,11.268,0.13656
-8.76216,11.3315,0.13656
-8.77486,11.395,0.13656
 -8.77486,9.136,0.13656
-8.77486,11.495,0.13656
offset
0.004
-8.77486,9.236,0.13656
-8.77086,9.236,0.13656
 line -8.77486,9.236,0.13656 -8.77086,9.236,0.13656 
line -8.77486,11.395,0.13656 -8.77086,11.395,0.13656 
z e region w -8.78756,9.236,0.13656 -8.75816,11.395,0.13656 
extrude -8.77486,9.236,0.13656  2.51344 0
0
-array -8.77486,9.236,0.13656  R 1 1 


 z e
_zoom w -10.80331,9.236,0 -6.46531,11.65944,0 spline
-8.63431,9.236,0
-8.62161,9.2995,0
-8.63431,9.363,0
-8.64701,9.4265,0
-8.63431,9.49,0
-8.62161,9.5535,0
-8.63431,9.617,0
-8.64701,9.6805,0
-8.63431,9.744,0
-8.62161,9.8075,0
-8.63431,9.871,0
-8.64701,9.9345,0
-8.63431,9.998,0
-8.62161,10.0615,0
-8.63431,10.125,0
-8.64701,10.1885,0
-8.63431,10.252,0
-8.62161,10.3155,0
-8.63431,10.379,0
-8.64701,10.4425,0
-8.63431,10.506,0
-8.62161,10.5695,0
-8.63431,10.633,0
-8.64701,10.6965,0
-8.63431,10.76,0
-8.62161,10.8235,0
-8.63431,10.887,0
-8.64701,10.9505,0
-8.63431,11.014,0
-8.62161,11.0775,0
-8.63431,11.141,0
-8.64701,11.2045,0
-8.63431,11.268,0
-8.62161,11.3315,0
-8.63431,11.395,0
 -8.63431,9.136,0
-8.63431,11.495,0
offset
0.004
-8.63431,9.236,0
-8.63031,9.236,0
 line -8.63431,9.236,0 -8.63031,9.236,0 
line -8.63431,11.395,0 -8.63031,11.395,0 
z e region w -8.64701,9.236,0 -8.61761,11.395,0 
extrude -8.63431,9.236,0  2.41344 0
0
-array -8.63431,9.236,0  R 1 1 


 z e
_zoom w -10.66275,9.236,0.13656 -6.32475,11.75944,0.13656 spline
-8.49375,9.236,0.13656
-8.48105,9.2995,0.13656
-8.49375,9.363,0.13656
-8.50645,9.4265,0.13656
-8.49375,9.49,0.13656
-8.48105,9.5535,0.13656
-8.49375,9.617,0.13656
-8.50645,9.6805,0.13656
-8.49375,9.744,0.13656
-8.48105,9.8075,0.13656
-8.49375,9.871,0.13656
-8.50645,9.9345,0.13656
-8.49375,9.998,0.13656
-8.48105,10.0615,0.13656
-8.49375,10.125,0.13656
-8.50645,10.1885,0.13656
-8.49375,10.252,0.13656
-8.48105,10.3155,0.13656
-8.49375,10.379,0.13656
-8.50645,10.4425,0.13656
-8.49375,10.506,0.13656
-8.48105,10.5695,0.13656
-8.49375,10.633,0.13656
-8.50645,10.6965,0.13656
-8.49375,10.76,0.13656
-8.48105,10.8235,0.13656
-8.49375,10.887,0.13656
-8.50645,10.9505,0.13656
-8.49375,11.014,0.13656
-8.48105,11.0775,0.13656
-8.49375,11.141,0.13656
-8.50645,11.2045,0.13656
-8.49375,11.268,0.13656
-8.48105,11.3315,0.13656
-8.49375,11.395,0.13656
 -8.49375,9.136,0.13656
-8.49375,11.495,0.13656
offset
0.004
-8.49375,9.236,0.13656
-8.48975,9.236,0.13656
 line -8.49375,9.236,0.13656 -8.48975,9.236,0.13656 
line -8.49375,11.395,0.13656 -8.48975,11.395,0.13656 
z e region w -8.50645,9.236,0.13656 -8.47705,11.395,0.13656 
extrude -8.49375,9.236,0.13656  2.51344 0
0
-array -8.49375,9.236,0.13656  R 1 1 


 z e
_zoom w -10.52219,9.236,0 -6.18419,11.65944,0 spline
-8.35319,9.236,0
-8.34049,9.2995,0
-8.35319,9.363,0
-8.36589,9.4265,0
-8.35319,9.49,0
-8.34049,9.5535,0
-8.35319,9.617,0
-8.36589,9.6805,0
-8.35319,9.744,0
-8.34049,9.8075,0
-8.35319,9.871,0
-8.36589,9.9345,0
-8.35319,9.998,0
-8.34049,10.0615,0
-8.35319,10.125,0
-8.36589,10.1885,0
-8.35319,10.252,0
-8.34049,10.3155,0
-8.35319,10.379,0
-8.36589,10.4425,0
-8.35319,10.506,0
-8.34049,10.5695,0
-8.35319,10.633,0
-8.36589,10.6965,0
-8.35319,10.76,0
-8.34049,10.8235,0
-8.35319,10.887,0
-8.36589,10.9505,0
-8.35319,11.014,0
-8.34049,11.0775,0
-8.35319,11.141,0
-8.36589,11.2045,0
-8.35319,11.268,0
-8.34049,11.3315,0
-8.35319,11.395,0
 -8.35319,9.136,0
-8.35319,11.495,0
offset
0.004
-8.35319,9.236,0
-8.34919,9.236,0
 line -8.35319,9.236,0 -8.34919,9.236,0 
line -8.35319,11.395,0 -8.34919,11.395,0 
z e region w -8.36589,9.236,0 -8.33649,11.395,0 
extrude -8.35319,9.236,0  2.41344 0
0
-array -8.35319,9.236,0  R 1 1 


 z e
_zoom w -10.35484,9.236,0.16336 -6.01684,11.73264,0.16336 spline
-8.18584,9.236,0.16336
-8.17314,9.2995,0.16336
-8.18584,9.363,0.16336
-8.19854,9.4265,0.16336
-8.18584,9.49,0.16336
-8.17314,9.5535,0.16336
-8.18584,9.617,0.16336
-8.19854,9.6805,0.16336
-8.18584,9.744,0.16336
-8.17314,9.8075,0.16336
-8.18584,9.871,0.16336
-8.19854,9.9345,0.16336
-8.18584,9.998,0.16336
-8.17314,10.0615,0.16336
-8.18584,10.125,0.16336
-8.19854,10.1885,0.16336
-8.18584,10.252,0.16336
-8.17314,10.3155,0.16336
-8.18584,10.379,0.16336
-8.19854,10.4425,0.16336
-8.18584,10.506,0.16336
-8.17314,10.5695,0.16336
-8.18584,10.633,0.16336
-8.19854,10.6965,0.16336
-8.18584,10.76,0.16336
-8.17314,10.8235,0.16336
-8.18584,10.887,0.16336
-8.19854,10.9505,0.16336
-8.18584,11.014,0.16336
-8.17314,11.0775,0.16336
-8.18584,11.141,0.16336
-8.19854,11.2045,0.16336
-8.18584,11.268,0.16336
-8.17314,11.3315,0.16336
-8.18584,11.395,0.16336
 -8.18584,9.136,0.16336
-8.18584,11.495,0.16336
offset
0.004
-8.18584,9.236,0.16336
-8.18184,9.236,0.16336
 line -8.18584,9.236,0.16336 -8.18184,9.236,0.16336 
line -8.18584,11.395,0.16336 -8.18184,11.395,0.16336 
z e region w -8.19854,9.236,0.16336 -8.16914,11.395,0.16336 
extrude -8.18584,9.236,0.16336  2.48664 0
0
-array -8.18584,9.236,0.16336  R 1 1 


 z e
_zoom w -10.18748,9.236,0 -5.84948,11.63264,0 spline
-8.01848,9.236,0
-8.00578,9.2995,0
-8.01848,9.363,0
-8.03118,9.4265,0
-8.01848,9.49,0
-8.00578,9.5535,0
-8.01848,9.617,0
-8.03118,9.6805,0
-8.01848,9.744,0
-8.00578,9.8075,0
-8.01848,9.871,0
-8.03118,9.9345,0
-8.01848,9.998,0
-8.00578,10.0615,0
-8.01848,10.125,0
-8.03118,10.1885,0
-8.01848,10.252,0
-8.00578,10.3155,0
-8.01848,10.379,0
-8.03118,10.4425,0
-8.01848,10.506,0
-8.00578,10.5695,0
-8.01848,10.633,0
-8.03118,10.6965,0
-8.01848,10.76,0
-8.00578,10.8235,0
-8.01848,10.887,0
-8.03118,10.9505,0
-8.01848,11.014,0
-8.00578,11.0775,0
-8.01848,11.141,0
-8.03118,11.2045,0
-8.01848,11.268,0
-8.00578,11.3315,0
-8.01848,11.395,0
 -8.01848,9.136,0
-8.01848,11.495,0
offset
0.004
-8.01848,9.236,0
-8.01448,9.236,0
 line -8.01848,9.236,0 -8.01448,9.236,0 
line -8.01848,11.395,0 -8.01448,11.395,0 
z e region w -8.03118,9.236,0 -8.00178,11.395,0 
extrude -8.01848,9.236,0  2.38664 0
0
-array -8.01848,9.236,0  R 1 1 


 z e
_zoom w -10.02013,9.236,0.16336 -5.68213,11.73264,0.16336 spline
-7.85113,9.236,0.16336
-7.83843,9.2995,0.16336
-7.85113,9.363,0.16336
-7.86383,9.4265,0.16336
-7.85113,9.49,0.16336
-7.83843,9.5535,0.16336
-7.85113,9.617,0.16336
-7.86383,9.6805,0.16336
-7.85113,9.744,0.16336
-7.83843,9.8075,0.16336
-7.85113,9.871,0.16336
-7.86383,9.9345,0.16336
-7.85113,9.998,0.16336
-7.83843,10.0615,0.16336
-7.85113,10.125,0.16336
-7.86383,10.1885,0.16336
-7.85113,10.252,0.16336
-7.83843,10.3155,0.16336
-7.85113,10.379,0.16336
-7.86383,10.4425,0.16336
-7.85113,10.506,0.16336
-7.83843,10.5695,0.16336
-7.85113,10.633,0.16336
-7.86383,10.6965,0.16336
-7.85113,10.76,0.16336
-7.83843,10.8235,0.16336
-7.85113,10.887,0.16336
-7.86383,10.9505,0.16336
-7.85113,11.014,0.16336
-7.83843,11.0775,0.16336
-7.85113,11.141,0.16336
-7.86383,11.2045,0.16336
-7.85113,11.268,0.16336
-7.83843,11.3315,0.16336
-7.85113,11.395,0.16336
 -7.85113,9.136,0.16336
-7.85113,11.495,0.16336
offset
0.004
-7.85113,9.236,0.16336
-7.84713,9.236,0.16336
 line -7.85113,9.236,0.16336 -7.84713,9.236,0.16336 
line -7.85113,11.395,0.16336 -7.84713,11.395,0.16336 
z e region w -7.86383,9.236,0.16336 -7.83443,11.395,0.16336 
extrude -7.85113,9.236,0.16336  2.48664 0
0
-array -7.85113,9.236,0.16336  R 1 1 


 z e
_zoom w -9.85277,9.236,0 -5.51477,11.63264,0 spline
-7.68377,9.236,0
-7.67107,9.2995,0
-7.68377,9.363,0
-7.69647,9.4265,0
-7.68377,9.49,0
-7.67107,9.5535,0
-7.68377,9.617,0
-7.69647,9.6805,0
-7.68377,9.744,0
-7.67107,9.8075,0
-7.68377,9.871,0
-7.69647,9.9345,0
-7.68377,9.998,0
-7.67107,10.0615,0
-7.68377,10.125,0
-7.69647,10.1885,0
-7.68377,10.252,0
-7.67107,10.3155,0
-7.68377,10.379,0
-7.69647,10.4425,0
-7.68377,10.506,0
-7.67107,10.5695,0
-7.68377,10.633,0
-7.69647,10.6965,0
-7.68377,10.76,0
-7.67107,10.8235,0
-7.68377,10.887,0
-7.69647,10.9505,0
-7.68377,11.014,0
-7.67107,11.0775,0
-7.68377,11.141,0
-7.69647,11.2045,0
-7.68377,11.268,0
-7.67107,11.3315,0
-7.68377,11.395,0
 -7.68377,9.136,0
-7.68377,11.495,0
offset
0.004
-7.68377,9.236,0
-7.67977,9.236,0
 line -7.68377,9.236,0 -7.67977,9.236,0 
line -7.68377,11.395,0 -7.67977,11.395,0 
z e region w -7.69647,9.236,0 -7.66707,11.395,0 
extrude -7.68377,9.236,0  2.38664 0
0
-array -7.68377,9.236,0  R 1 1 


 z e
_zoom w -9.68541,9.236,0.16336 -5.34741,11.73264,0.16336 spline
-7.51641,9.236,0.16336
-7.50371,9.2995,0.16336
-7.51641,9.363,0.16336
-7.52911,9.4265,0.16336
-7.51641,9.49,0.16336
-7.50371,9.5535,0.16336
-7.51641,9.617,0.16336
-7.52911,9.6805,0.16336
-7.51641,9.744,0.16336
-7.50371,9.8075,0.16336
-7.51641,9.871,0.16336
-7.52911,9.9345,0.16336
-7.51641,9.998,0.16336
-7.50371,10.0615,0.16336
-7.51641,10.125,0.16336
-7.52911,10.1885,0.16336
-7.51641,10.252,0.16336
-7.50371,10.3155,0.16336
-7.51641,10.379,0.16336
-7.52911,10.4425,0.16336
-7.51641,10.506,0.16336
-7.50371,10.5695,0.16336
-7.51641,10.633,0.16336
-7.52911,10.6965,0.16336
-7.51641,10.76,0.16336
-7.50371,10.8235,0.16336
-7.51641,10.887,0.16336
-7.52911,10.9505,0.16336
-7.51641,11.014,0.16336
-7.50371,11.0775,0.16336
-7.51641,11.141,0.16336
-7.52911,11.2045,0.16336
-7.51641,11.268,0.16336
-7.50371,11.3315,0.16336
-7.51641,11.395,0.16336
 -7.51641,9.136,0.16336
-7.51641,11.495,0.16336
offset
0.004
-7.51641,9.236,0.16336
-7.51241,9.236,0.16336
 line -7.51641,9.236,0.16336 -7.51241,9.236,0.16336 
line -7.51641,11.395,0.16336 -7.51241,11.395,0.16336 
z e region w -7.52911,9.236,0.16336 -7.49971,11.395,0.16336 
extrude -7.51641,9.236,0.16336  2.48664 0
0
-array -7.51641,9.236,0.16336  R 1 1 


 z e
_zoom w -9.51806,9.236,0 -5.18006,11.63264,0 spline
-7.34906,9.236,0
-7.33636,9.2995,0
-7.34906,9.363,0
-7.36176,9.4265,0
-7.34906,9.49,0
-7.33636,9.5535,0
-7.34906,9.617,0
-7.36176,9.6805,0
-7.34906,9.744,0
-7.33636,9.8075,0
-7.34906,9.871,0
-7.36176,9.9345,0
-7.34906,9.998,0
-7.33636,10.0615,0
-7.34906,10.125,0
-7.36176,10.1885,0
-7.34906,10.252,0
-7.33636,10.3155,0
-7.34906,10.379,0
-7.36176,10.4425,0
-7.34906,10.506,0
-7.33636,10.5695,0
-7.34906,10.633,0
-7.36176,10.6965,0
-7.34906,10.76,0
-7.33636,10.8235,0
-7.34906,10.887,0
-7.36176,10.9505,0
-7.34906,11.014,0
-7.33636,11.0775,0
-7.34906,11.141,0
-7.36176,11.2045,0
-7.34906,11.268,0
-7.33636,11.3315,0
-7.34906,11.395,0
 -7.34906,9.136,0
-7.34906,11.495,0
offset
0.004
-7.34906,9.236,0
-7.34506,9.236,0
 line -7.34906,9.236,0 -7.34506,9.236,0 
line -7.34906,11.395,0 -7.34506,11.395,0 
z e region w -7.36176,9.236,0 -7.33236,11.395,0 
extrude -7.34906,9.236,0  2.38664 0
0
-array -7.34906,9.236,0  R 1 1 


 z e
_zoom w -9.3507,9.236,0.16336 -5.0127,11.73264,0.16336 spline
-7.1817,9.236,0.16336
-7.169,9.2995,0.16336
-7.1817,9.363,0.16336
-7.1944,9.4265,0.16336
-7.1817,9.49,0.16336
-7.169,9.5535,0.16336
-7.1817,9.617,0.16336
-7.1944,9.6805,0.16336
-7.1817,9.744,0.16336
-7.169,9.8075,0.16336
-7.1817,9.871,0.16336
-7.1944,9.9345,0.16336
-7.1817,9.998,0.16336
-7.169,10.0615,0.16336
-7.1817,10.125,0.16336
-7.1944,10.1885,0.16336
-7.1817,10.252,0.16336
-7.169,10.3155,0.16336
-7.1817,10.379,0.16336
-7.1944,10.4425,0.16336
-7.1817,10.506,0.16336
-7.169,10.5695,0.16336
-7.1817,10.633,0.16336
-7.1944,10.6965,0.16336
-7.1817,10.76,0.16336
-7.169,10.8235,0.16336
-7.1817,10.887,0.16336
-7.1944,10.9505,0.16336
-7.1817,11.014,0.16336
-7.169,11.0775,0.16336
-7.1817,11.141,0.16336
-7.1944,11.2045,0.16336
-7.1817,11.268,0.16336
-7.169,11.3315,0.16336
-7.1817,11.395,0.16336
 -7.1817,9.136,0.16336
-7.1817,11.495,0.16336
offset
0.004
-7.1817,9.236,0.16336
-7.1777,9.236,0.16336
 line -7.1817,9.236,0.16336 -7.1777,9.236,0.16336 
line -7.1817,11.395,0.16336 -7.1777,11.395,0.16336 
z e region w -7.1944,9.236,0.16336 -7.165,11.395,0.16336 
extrude -7.1817,9.236,0.16336  2.48664 0
0
-array -7.1817,9.236,0.16336  R 1 1 


 z e
_zoom w -9.18334,9.236,0 -4.84534,11.63264,0 spline
-7.01434,9.236,0
-7.00164,9.2995,0
-7.01434,9.363,0
-7.02704,9.4265,0
-7.01434,9.49,0
-7.00164,9.5535,0
-7.01434,9.617,0
-7.02704,9.6805,0
-7.01434,9.744,0
-7.00164,9.8075,0
-7.01434,9.871,0
-7.02704,9.9345,0
-7.01434,9.998,0
-7.00164,10.0615,0
-7.01434,10.125,0
-7.02704,10.1885,0
-7.01434,10.252,0
-7.00164,10.3155,0
-7.01434,10.379,0
-7.02704,10.4425,0
-7.01434,10.506,0
-7.00164,10.5695,0
-7.01434,10.633,0
-7.02704,10.6965,0
-7.01434,10.76,0
-7.00164,10.8235,0
-7.01434,10.887,0
-7.02704,10.9505,0
-7.01434,11.014,0
-7.00164,11.0775,0
-7.01434,11.141,0
-7.02704,11.2045,0
-7.01434,11.268,0
-7.00164,11.3315,0
-7.01434,11.395,0
 -7.01434,9.136,0
-7.01434,11.495,0
offset
0.004
-7.01434,9.236,0
-7.01034,9.236,0
 line -7.01434,9.236,0 -7.01034,9.236,0 
line -7.01434,11.395,0 -7.01034,11.395,0 
z e region w -7.02704,9.236,0 -6.99764,11.395,0 
extrude -7.01434,9.236,0  2.38664 0
0
-array -7.01434,9.236,0  R 1 1 


 z e
_zoom w -8.96278,9.236,0.21657 -4.62478,11.67943,0.21657 spline
-6.79378,9.236,0.21657
-6.78108,9.2995,0.21657
-6.79378,9.363,0.21657
-6.80648,9.4265,0.21657
-6.79378,9.49,0.21657
-6.78108,9.5535,0.21657
-6.79378,9.617,0.21657
-6.80648,9.6805,0.21657
-6.79378,9.744,0.21657
-6.78108,9.8075,0.21657
-6.79378,9.871,0.21657
-6.80648,9.9345,0.21657
-6.79378,9.998,0.21657
-6.78108,10.0615,0.21657
-6.79378,10.125,0.21657
-6.80648,10.1885,0.21657
-6.79378,10.252,0.21657
-6.78108,10.3155,0.21657
-6.79378,10.379,0.21657
-6.80648,10.4425,0.21657
-6.79378,10.506,0.21657
-6.78108,10.5695,0.21657
-6.79378,10.633,0.21657
-6.80648,10.6965,0.21657
-6.79378,10.76,0.21657
-6.78108,10.8235,0.21657
-6.79378,10.887,0.21657
-6.80648,10.9505,0.21657
-6.79378,11.014,0.21657
-6.78108,11.0775,0.21657
-6.79378,11.141,0.21657
-6.80648,11.2045,0.21657
-6.79378,11.268,0.21657
-6.78108,11.3315,0.21657
-6.79378,11.395,0.21657
 -6.79378,9.136,0.21657
-6.79378,11.495,0.21657
offset
0.004
-6.79378,9.236,0.21657
-6.78978,9.236,0.21657
 line -6.79378,9.236,0.21657 -6.78978,9.236,0.21657 
line -6.79378,11.395,0.21657 -6.78978,11.395,0.21657 
z e region w -6.80648,9.236,0.21657 -6.77708,11.395,0.21657 
extrude -6.79378,9.236,0.21657  2.43343 0
0
-array -6.79378,9.236,0.21657  R 1 1 


 z e
_zoom w -8.74221,9.236,0 -4.40421,11.57943,0 spline
-6.57321,9.236,0
-6.56051,9.2995,0
-6.57321,9.363,0
-6.58591,9.4265,0
-6.57321,9.49,0
-6.56051,9.5535,0
-6.57321,9.617,0
-6.58591,9.6805,0
-6.57321,9.744,0
-6.56051,9.8075,0
-6.57321,9.871,0
-6.58591,9.9345,0
-6.57321,9.998,0
-6.56051,10.0615,0
-6.57321,10.125,0
-6.58591,10.1885,0
-6.57321,10.252,0
-6.56051,10.3155,0
-6.57321,10.379,0
-6.58591,10.4425,0
-6.57321,10.506,0
-6.56051,10.5695,0
-6.57321,10.633,0
-6.58591,10.6965,0
-6.57321,10.76,0
-6.56051,10.8235,0
-6.57321,10.887,0
-6.58591,10.9505,0
-6.57321,11.014,0
-6.56051,11.0775,0
-6.57321,11.141,0
-6.58591,11.2045,0
-6.57321,11.268,0
-6.56051,11.3315,0
-6.57321,11.395,0
 -6.57321,9.136,0
-6.57321,11.495,0
offset
0.004
-6.57321,9.236,0
-6.56921,9.236,0
 line -6.57321,9.236,0 -6.56921,9.236,0 
line -6.57321,11.395,0 -6.56921,11.395,0 
z e region w -6.58591,9.236,0 -6.55651,11.395,0 
extrude -6.57321,9.236,0  2.33343 0
0
-array -6.57321,9.236,0  R 1 1 


 z e
_zoom w -8.52164,9.236,0.21657 -4.18364,11.67943,0.21657 spline
-6.35264,9.236,0.21657
-6.33994,9.2995,0.21657
-6.35264,9.363,0.21657
-6.36534,9.4265,0.21657
-6.35264,9.49,0.21657
-6.33994,9.5535,0.21657
-6.35264,9.617,0.21657
-6.36534,9.6805,0.21657
-6.35264,9.744,0.21657
-6.33994,9.8075,0.21657
-6.35264,9.871,0.21657
-6.36534,9.9345,0.21657
-6.35264,9.998,0.21657
-6.33994,10.0615,0.21657
-6.35264,10.125,0.21657
-6.36534,10.1885,0.21657
-6.35264,10.252,0.21657
-6.33994,10.3155,0.21657
-6.35264,10.379,0.21657
-6.36534,10.4425,0.21657
-6.35264,10.506,0.21657
-6.33994,10.5695,0.21657
-6.35264,10.633,0.21657
-6.36534,10.6965,0.21657
-6.35264,10.76,0.21657
-6.33994,10.8235,0.21657
-6.35264,10.887,0.21657
-6.36534,10.9505,0.21657
-6.35264,11.014,0.21657
-6.33994,11.0775,0.21657
-6.35264,11.141,0.21657
-6.36534,11.2045,0.21657
-6.35264,11.268,0.21657
-6.33994,11.3315,0.21657
-6.35264,11.395,0.21657
 -6.35264,9.136,0.21657
-6.35264,11.495,0.21657
offset
0.004
-6.35264,9.236,0.21657
-6.34864,9.236,0.21657
 line -6.35264,9.236,0.21657 -6.34864,9.236,0.21657 
line -6.35264,11.395,0.21657 -6.34864,11.395,0.21657 
z e region w -6.36534,9.236,0.21657 -6.33594,11.395,0.21657 
extrude -6.35264,9.236,0.21657  2.43343 0
0
-array -6.35264,9.236,0.21657  R 1 1 


 z e
_zoom w -8.30107,9.236,0 -3.96307,11.57943,0 spline
-6.13207,9.236,0
-6.11937,9.2995,0
-6.13207,9.363,0
-6.14477,9.4265,0
-6.13207,9.49,0
-6.11937,9.5535,0
-6.13207,9.617,0
-6.14477,9.6805,0
-6.13207,9.744,0
-6.11937,9.8075,0
-6.13207,9.871,0
-6.14477,9.9345,0
-6.13207,9.998,0
-6.11937,10.0615,0
-6.13207,10.125,0
-6.14477,10.1885,0
-6.13207,10.252,0
-6.11937,10.3155,0
-6.13207,10.379,0
-6.14477,10.4425,0
-6.13207,10.506,0
-6.11937,10.5695,0
-6.13207,10.633,0
-6.14477,10.6965,0
-6.13207,10.76,0
-6.11937,10.8235,0
-6.13207,10.887,0
-6.14477,10.9505,0
-6.13207,11.014,0
-6.11937,11.0775,0
-6.13207,11.141,0
-6.14477,11.2045,0
-6.13207,11.268,0
-6.11937,11.3315,0
-6.13207,11.395,0
 -6.13207,9.136,0
-6.13207,11.495,0
offset
0.004
-6.13207,9.236,0
-6.12807,9.236,0
 line -6.13207,9.236,0 -6.12807,9.236,0 
line -6.13207,11.395,0 -6.12807,11.395,0 
z e region w -6.14477,9.236,0 -6.11537,11.395,0 
extrude -6.13207,9.236,0  2.33343 0
0
-array -6.13207,9.236,0  R 1 1 


 z e
_zoom w -8.08051,9.236,0.21657 -3.74251,11.67943,0.21657 spline
-5.91151,9.236,0.21657
-5.89881,9.2995,0.21657
-5.91151,9.363,0.21657
-5.92421,9.4265,0.21657
-5.91151,9.49,0.21657
-5.89881,9.5535,0.21657
-5.91151,9.617,0.21657
-5.92421,9.6805,0.21657
-5.91151,9.744,0.21657
-5.89881,9.8075,0.21657
-5.91151,9.871,0.21657
-5.92421,9.9345,0.21657
-5.91151,9.998,0.21657
-5.89881,10.0615,0.21657
-5.91151,10.125,0.21657
-5.92421,10.1885,0.21657
-5.91151,10.252,0.21657
-5.89881,10.3155,0.21657
-5.91151,10.379,0.21657
-5.92421,10.4425,0.21657
-5.91151,10.506,0.21657
-5.89881,10.5695,0.21657
-5.91151,10.633,0.21657
-5.92421,10.6965,0.21657
-5.91151,10.76,0.21657
-5.89881,10.8235,0.21657
-5.91151,10.887,0.21657
-5.92421,10.9505,0.21657
-5.91151,11.014,0.21657
-5.89881,11.0775,0.21657
-5.91151,11.141,0.21657
-5.92421,11.2045,0.21657
-5.91151,11.268,0.21657
-5.89881,11.3315,0.21657
-5.91151,11.395,0.21657
 -5.91151,9.136,0.21657
-5.91151,11.495,0.21657
offset
0.004
-5.91151,9.236,0.21657
-5.90751,9.236,0.21657
 line -5.91151,9.236,0.21657 -5.90751,9.236,0.21657 
line -5.91151,11.395,0.21657 -5.90751,11.395,0.21657 
z e region w -5.92421,9.236,0.21657 -5.89481,11.395,0.21657 
extrude -5.91151,9.236,0.21657  2.43343 0
0
-array -5.91151,9.236,0.21657  R 1 1 


 z e
_zoom w -7.85994,9.236,0 -3.52194,11.57943,0 spline
-5.69094,9.236,0
-5.67824,9.2995,0
-5.69094,9.363,0
-5.70364,9.4265,0
-5.69094,9.49,0
-5.67824,9.5535,0
-5.69094,9.617,0
-5.70364,9.6805,0
-5.69094,9.744,0
-5.67824,9.8075,0
-5.69094,9.871,0
-5.70364,9.9345,0
-5.69094,9.998,0
-5.67824,10.0615,0
-5.69094,10.125,0
-5.70364,10.1885,0
-5.69094,10.252,0
-5.67824,10.3155,0
-5.69094,10.379,0
-5.70364,10.4425,0
-5.69094,10.506,0
-5.67824,10.5695,0
-5.69094,10.633,0
-5.70364,10.6965,0
-5.69094,10.76,0
-5.67824,10.8235,0
-5.69094,10.887,0
-5.70364,10.9505,0
-5.69094,11.014,0
-5.67824,11.0775,0
-5.69094,11.141,0
-5.70364,11.2045,0
-5.69094,11.268,0
-5.67824,11.3315,0
-5.69094,11.395,0
 -5.69094,9.136,0
-5.69094,11.495,0
offset
0.004
-5.69094,9.236,0
-5.68694,9.236,0
 line -5.69094,9.236,0 -5.68694,9.236,0 
line -5.69094,11.395,0 -5.68694,11.395,0 
z e region w -5.70364,9.236,0 -5.67424,11.395,0 
extrude -5.69094,9.236,0  2.33343 0
0
-array -5.69094,9.236,0  R 1 1 


 z e
_zoom w -7.63937,9.236,0.21657 -3.30137,11.67943,0.21657 spline
-5.47037,9.236,0.21657
-5.45767,9.2995,0.21657
-5.47037,9.363,0.21657
-5.48307,9.4265,0.21657
-5.47037,9.49,0.21657
-5.45767,9.5535,0.21657
-5.47037,9.617,0.21657
-5.48307,9.6805,0.21657
-5.47037,9.744,0.21657
-5.45767,9.8075,0.21657
-5.47037,9.871,0.21657
-5.48307,9.9345,0.21657
-5.47037,9.998,0.21657
-5.45767,10.0615,0.21657
-5.47037,10.125,0.21657
-5.48307,10.1885,0.21657
-5.47037,10.252,0.21657
-5.45767,10.3155,0.21657
-5.47037,10.379,0.21657
-5.48307,10.4425,0.21657
-5.47037,10.506,0.21657
-5.45767,10.5695,0.21657
-5.47037,10.633,0.21657
-5.48307,10.6965,0.21657
-5.47037,10.76,0.21657
-5.45767,10.8235,0.21657
-5.47037,10.887,0.21657
-5.48307,10.9505,0.21657
-5.47037,11.014,0.21657
-5.45767,11.0775,0.21657
-5.47037,11.141,0.21657
-5.48307,11.2045,0.21657
-5.47037,11.268,0.21657
-5.45767,11.3315,0.21657
-5.47037,11.395,0.21657
 -5.47037,9.136,0.21657
-5.47037,11.495,0.21657
offset
0.004
-5.47037,9.236,0.21657
-5.46637,9.236,0.21657
 line -5.47037,9.236,0.21657 -5.46637,9.236,0.21657 
line -5.47037,11.395,0.21657 -5.46637,11.395,0.21657 
z e region w -5.48307,9.236,0.21657 -5.45367,11.395,0.21657 
extrude -5.47037,9.236,0.21657  2.43343 0
0
-array -5.47037,9.236,0.21657  R 1 1 


 z e
_zoom w -7.41881,9.236,0 -3.08081,11.57943,0 spline
-5.24981,9.236,0
-5.23711,9.2995,0
-5.24981,9.363,0
-5.26251,9.4265,0
-5.24981,9.49,0
-5.23711,9.5535,0
-5.24981,9.617,0
-5.26251,9.6805,0
-5.24981,9.744,0
-5.23711,9.8075,0
-5.24981,9.871,0
-5.26251,9.9345,0
-5.24981,9.998,0
-5.23711,10.0615,0
-5.24981,10.125,0
-5.26251,10.1885,0
-5.24981,10.252,0
-5.23711,10.3155,0
-5.24981,10.379,0
-5.26251,10.4425,0
-5.24981,10.506,0
-5.23711,10.5695,0
-5.24981,10.633,0
-5.26251,10.6965,0
-5.24981,10.76,0
-5.23711,10.8235,0
-5.24981,10.887,0
-5.26251,10.9505,0
-5.24981,11.014,0
-5.23711,11.0775,0
-5.24981,11.141,0
-5.26251,11.2045,0
-5.24981,11.268,0
-5.23711,11.3315,0
-5.24981,11.395,0
 -5.24981,9.136,0
-5.24981,11.495,0
offset
0.004
-5.24981,9.236,0
-5.24581,9.236,0
 line -5.24981,9.236,0 -5.24581,9.236,0 
line -5.24981,11.395,0 -5.24581,11.395,0 
z e region w -5.26251,9.236,0 -5.23311,11.395,0 
extrude -5.24981,9.236,0  2.33343 0
0
-array -5.24981,9.236,0  R 1 1 


 z e
_zoom w -6.85843,9.236,0.55637 -2.52043,11.33963,0.55637 spline
-4.68943,9.236,0.55637
-4.67673,9.2995,0.55637
-4.68943,9.363,0.55637
-4.70213,9.4265,0.55637
-4.68943,9.49,0.55637
-4.67673,9.5535,0.55637
-4.68943,9.617,0.55637
-4.70213,9.6805,0.55637
-4.68943,9.744,0.55637
-4.67673,9.8075,0.55637
-4.68943,9.871,0.55637
-4.70213,9.9345,0.55637
-4.68943,9.998,0.55637
-4.67673,10.0615,0.55637
-4.68943,10.125,0.55637
-4.70213,10.1885,0.55637
-4.68943,10.252,0.55637
-4.67673,10.3155,0.55637
-4.68943,10.379,0.55637
-4.70213,10.4425,0.55637
-4.68943,10.506,0.55637
-4.67673,10.5695,0.55637
-4.68943,10.633,0.55637
-4.70213,10.6965,0.55637
-4.68943,10.76,0.55637
-4.67673,10.8235,0.55637
-4.68943,10.887,0.55637
-4.70213,10.9505,0.55637
-4.68943,11.014,0.55637
-4.67673,11.0775,0.55637
-4.68943,11.141,0.55637
-4.70213,11.2045,0.55637
-4.68943,11.268,0.55637
-4.67673,11.3315,0.55637
-4.68943,11.395,0.55637
 -4.68943,9.136,0.55637
-4.68943,11.495,0.55637
offset
0.004
-4.68943,9.236,0.55637
-4.68543,9.236,0.55637
 line -4.68943,9.236,0.55637 -4.68543,9.236,0.55637 
line -4.68943,11.395,0.55637 -4.68543,11.395,0.55637 
z e region w -4.70213,9.236,0.55637 -4.67273,11.395,0.55637 
extrude -4.68943,9.236,0.55637  2.09363 0
0
-array -4.68943,9.236,0.55637  R 1 1 


 z e
_zoom w -6.29806,9.236,0 -1.96006,11.23963,0 spline
-4.12906,9.236,0
-4.11636,9.2995,0
-4.12906,9.363,0
-4.14176,9.4265,0
-4.12906,9.49,0
-4.11636,9.5535,0
-4.12906,9.617,0
-4.14176,9.6805,0
-4.12906,9.744,0
-4.11636,9.8075,0
-4.12906,9.871,0
-4.14176,9.9345,0
-4.12906,9.998,0
-4.11636,10.0615,0
-4.12906,10.125,0
-4.14176,10.1885,0
-4.12906,10.252,0
-4.11636,10.3155,0
-4.12906,10.379,0
-4.14176,10.4425,0
-4.12906,10.506,0
-4.11636,10.5695,0
-4.12906,10.633,0
-4.14176,10.6965,0
-4.12906,10.76,0
-4.11636,10.8235,0
-4.12906,10.887,0
-4.14176,10.9505,0
-4.12906,11.014,0
-4.11636,11.0775,0
-4.12906,11.141,0
-4.14176,11.2045,0
-4.12906,11.268,0
-4.11636,11.3315,0
-4.12906,11.395,0
 -4.12906,9.136,0
-4.12906,11.495,0
offset
0.004
-4.12906,9.236,0
-4.12506,9.236,0
 line -4.12906,9.236,0 -4.12506,9.236,0 
line -4.12906,11.395,0 -4.12506,11.395,0 
z e region w -4.14176,9.236,0 -4.11236,11.395,0 
extrude -4.12906,9.236,0  1.99363 0
0
-array -4.12906,9.236,0  R 1 1 


 z e
_zoom w -5.73769,9.236,0.55637 -1.39969,11.33963,0.55637 spline
-3.56869,9.236,0.55637
-3.55599,9.2995,0.55637
-3.56869,9.363,0.55637
-3.58139,9.4265,0.55637
-3.56869,9.49,0.55637
-3.55599,9.5535,0.55637
-3.56869,9.617,0.55637
-3.58139,9.6805,0.55637
-3.56869,9.744,0.55637
-3.55599,9.8075,0.55637
-3.56869,9.871,0.55637
-3.58139,9.9345,0.55637
-3.56869,9.998,0.55637
-3.55599,10.0615,0.55637
-3.56869,10.125,0.55637
-3.58139,10.1885,0.55637
-3.56869,10.252,0.55637
-3.55599,10.3155,0.55637
-3.56869,10.379,0.55637
-3.58139,10.4425,0.55637
-3.56869,10.506,0.55637
-3.55599,10.5695,0.55637
-3.56869,10.633,0.55637
-3.58139,10.6965,0.55637
-3.56869,10.76,0.55637
-3.55599,10.8235,0.55637
-3.56869,10.887,0.55637
-3.58139,10.9505,0.55637
-3.56869,11.014,0.55637
-3.55599,11.0775,0.55637
-3.56869,11.141,0.55637
-3.58139,11.2045,0.55637
-3.56869,11.268,0.55637
-3.55599,11.3315,0.55637
-3.56869,11.395,0.55637
 -3.56869,9.136,0.55637
-3.56869,11.495,0.55637
offset
0.004
-3.56869,9.236,0.55637
-3.56469,9.236,0.55637
 line -3.56869,9.236,0.55637 -3.56469,9.236,0.55637 
line -3.56869,11.395,0.55637 -3.56469,11.395,0.55637 
z e region w -3.58139,9.236,0.55637 -3.55199,11.395,0.55637 
extrude -3.56869,9.236,0.55637  2.09363 0
0
-array -3.56869,9.236,0.55637  R 1 1 


 z e
_zoom w -5.17732,9.236,0 -0.83932,11.23963,0 spline
-3.00832,9.236,0
-2.99562,9.2995,0
-3.00832,9.363,0
-3.02102,9.4265,0
-3.00832,9.49,0
-2.99562,9.5535,0
-3.00832,9.617,0
-3.02102,9.6805,0
-3.00832,9.744,0
-2.99562,9.8075,0
-3.00832,9.871,0
-3.02102,9.9345,0
-3.00832,9.998,0
-2.99562,10.0615,0
-3.00832,10.125,0
-3.02102,10.1885,0
-3.00832,10.252,0
-2.99562,10.3155,0
-3.00832,10.379,0
-3.02102,10.4425,0
-3.00832,10.506,0
-2.99562,10.5695,0
-3.00832,10.633,0
-3.02102,10.6965,0
-3.00832,10.76,0
-2.99562,10.8235,0
-3.00832,10.887,0
-3.02102,10.9505,0
-3.00832,11.014,0
-2.99562,11.0775,0
-3.00832,11.141,0
-3.02102,11.2045,0
-3.00832,11.268,0
-2.99562,11.3315,0
-3.00832,11.395,0
 -3.00832,9.136,0
-3.00832,11.495,0
offset
0.004
-3.00832,9.236,0
-3.00432,9.236,0
 line -3.00832,9.236,0 -3.00432,9.236,0 
line -3.00832,11.395,0 -3.00432,11.395,0 
z e region w -3.02102,9.236,0 -2.99162,11.395,0 
extrude -3.00832,9.236,0  1.99363 0
0
-array -3.00832,9.236,0  R 1 1 


 z e
_zoom w -4.61695,9.236,0.55637 -0.27895,11.33963,0.55637 spline
-2.44795,9.236,0.55637
-2.43525,9.2995,0.55637
-2.44795,9.363,0.55637
-2.46065,9.4265,0.55637
-2.44795,9.49,0.55637
-2.43525,9.5535,0.55637
-2.44795,9.617,0.55637
-2.46065,9.6805,0.55637
-2.44795,9.744,0.55637
-2.43525,9.8075,0.55637
-2.44795,9.871,0.55637
-2.46065,9.9345,0.55637
-2.44795,9.998,0.55637
-2.43525,10.0615,0.55637
-2.44795,10.125,0.55637
-2.46065,10.1885,0.55637
-2.44795,10.252,0.55637
-2.43525,10.3155,0.55637
-2.44795,10.379,0.55637
-2.46065,10.4425,0.55637
-2.44795,10.506,0.55637
-2.43525,10.5695,0.55637
-2.44795,10.633,0.55637
-2.46065,10.6965,0.55637
-2.44795,10.76,0.55637
-2.43525,10.8235,0.55637
-2.44795,10.887,0.55637
-2.46065,10.9505,0.55637
-2.44795,11.014,0.55637
-2.43525,11.0775,0.55637
-2.44795,11.141,0.55637
-2.46065,11.2045,0.55637
-2.44795,11.268,0.55637
-2.43525,11.3315,0.55637
-2.44795,11.395,0.55637
 -2.44795,9.136,0.55637
-2.44795,11.495,0.55637
offset
0.004
-2.44795,9.236,0.55637
-2.44395,9.236,0.55637
 line -2.44795,9.236,0.55637 -2.44395,9.236,0.55637 
line -2.44795,11.395,0.55637 -2.44395,11.395,0.55637 
z e region w -2.46065,9.236,0.55637 -2.43125,11.395,0.55637 
extrude -2.44795,9.236,0.55637  2.09363 0
0
-array -2.44795,9.236,0.55637  R 1 1 


 z e
_zoom w -4.05658,9.236,0 0.28142,11.23963,0 spline
-1.88758,9.236,0
-1.87488,9.2995,0
-1.88758,9.363,0
-1.90028,9.4265,0
-1.88758,9.49,0
-1.87488,9.5535,0
-1.88758,9.617,0
-1.90028,9.6805,0
-1.88758,9.744,0
-1.87488,9.8075,0
-1.88758,9.871,0
-1.90028,9.9345,0
-1.88758,9.998,0
-1.87488,10.0615,0
-1.88758,10.125,0
-1.90028,10.1885,0
-1.88758,10.252,0
-1.87488,10.3155,0
-1.88758,10.379,0
-1.90028,10.4425,0
-1.88758,10.506,0
-1.87488,10.5695,0
-1.88758,10.633,0
-1.90028,10.6965,0
-1.88758,10.76,0
-1.87488,10.8235,0
-1.88758,10.887,0
-1.90028,10.9505,0
-1.88758,11.014,0
-1.87488,11.0775,0
-1.88758,11.141,0
-1.90028,11.2045,0
-1.88758,11.268,0
-1.87488,11.3315,0
-1.88758,11.395,0
 -1.88758,9.136,0
-1.88758,11.495,0
offset
0.004
-1.88758,9.236,0
-1.88358,9.236,0
 line -1.88758,9.236,0 -1.88358,9.236,0 
line -1.88758,11.395,0 -1.88358,11.395,0 
z e region w -1.90028,9.236,0 -1.87088,11.395,0 
extrude -1.88758,9.236,0  1.99363 0
0
-array -1.88758,9.236,0  R 1 1 


 z e
_zoom w -3.49621,9.236,0.55637 0.84179,11.33963,0.55637 spline
-1.32721,9.236,0.55637
-1.31451,9.2995,0.55637
-1.32721,9.363,0.55637
-1.33991,9.4265,0.55637
-1.32721,9.49,0.55637
-1.31451,9.5535,0.55637
-1.32721,9.617,0.55637
-1.33991,9.6805,0.55637
-1.32721,9.744,0.55637
-1.31451,9.8075,0.55637
-1.32721,9.871,0.55637
-1.33991,9.9345,0.55637
-1.32721,9.998,0.55637
-1.31451,10.0615,0.55637
-1.32721,10.125,0.55637
-1.33991,10.1885,0.55637
-1.32721,10.252,0.55637
-1.31451,10.3155,0.55637
-1.32721,10.379,0.55637
-1.33991,10.4425,0.55637
-1.32721,10.506,0.55637
-1.31451,10.5695,0.55637
-1.32721,10.633,0.55637
-1.33991,10.6965,0.55637
-1.32721,10.76,0.55637
-1.31451,10.8235,0.55637
-1.32721,10.887,0.55637
-1.33991,10.9505,0.55637
-1.32721,11.014,0.55637
-1.31451,11.0775,0.55637
-1.32721,11.141,0.55637
-1.33991,11.2045,0.55637
-1.32721,11.268,0.55637
-1.31451,11.3315,0.55637
-1.32721,11.395,0.55637
 -1.32721,9.136,0.55637
-1.32721,11.495,0.55637
offset
0.004
-1.32721,9.236,0.55637
-1.32321,9.236,0.55637
 line -1.32721,9.236,0.55637 -1.32321,9.236,0.55637 
line -1.32721,11.395,0.55637 -1.32321,11.395,0.55637 
z e region w -1.33991,9.236,0.55637 -1.31051,11.395,0.55637 
extrude -1.32721,9.236,0.55637  2.09363 0
0
-array -1.32721,9.236,0.55637  R 1 1 


 z e
_zoom w -2.93584,9.236,0 1.40216,11.23963,0 spline
-0.76684,9.236,0
-0.75414,9.2995,0
-0.76684,9.363,0
-0.77954,9.4265,0
-0.76684,9.49,0
-0.75414,9.5535,0
-0.76684,9.617,0
-0.77954,9.6805,0
-0.76684,9.744,0
-0.75414,9.8075,0
-0.76684,9.871,0
-0.77954,9.9345,0
-0.76684,9.998,0
-0.75414,10.0615,0
-0.76684,10.125,0
-0.77954,10.1885,0
-0.76684,10.252,0
-0.75414,10.3155,0
-0.76684,10.379,0
-0.77954,10.4425,0
-0.76684,10.506,0
-0.75414,10.5695,0
-0.76684,10.633,0
-0.77954,10.6965,0
-0.76684,10.76,0
-0.75414,10.8235,0
-0.76684,10.887,0
-0.77954,10.9505,0
-0.76684,11.014,0
-0.75414,11.0775,0
-0.76684,11.141,0
-0.77954,11.2045,0
-0.76684,11.268,0
-0.75414,11.3315,0
-0.76684,11.395,0
 -0.76684,9.136,0
-0.76684,11.495,0
offset
0.004
-0.76684,9.236,0
-0.76284,9.236,0
 line -0.76684,9.236,0 -0.76284,9.236,0 
line -0.76684,11.395,0 -0.76284,11.395,0 
z e region w -0.77954,9.236,0 -0.75014,11.395,0 
extrude -0.76684,9.236,0  1.99363 0
0
-array -0.76684,9.236,0  R 1 1 


 z e
_zoom w -2.74037,6.927,0 1.59763,8.93063,0 spline
-0.57137,6.927,0
-0.55867,6.9905,0
-0.57137,7.054,0
-0.58407,7.1175,0
-0.57137,7.181,0
-0.55867,7.2445,0
-0.57137,7.308,0
-0.58407,7.3715,0
-0.57137,7.435,0
-0.55867,7.4985,0
-0.57137,7.562,0
-0.58407,7.6255,0
-0.57137,7.689,0
-0.55867,7.7525,0
-0.57137,7.816,0
-0.58407,7.8795,0
-0.57137,7.943,0
-0.55867,8.0065,0
-0.57137,8.07,0
-0.58407,8.1335,0
-0.57137,8.197,0
-0.55867,8.2605,0
-0.57137,8.324,0
-0.58407,8.3875,0
-0.57137,8.451,0
-0.55867,8.5145,0
-0.57137,8.578,0
-0.58407,8.6415,0
-0.57137,8.705,0
-0.55867,8.7685,0
-0.57137,8.832,0
-0.58407,8.8955,0
-0.57137,8.959,0
-0.55867,9.0225,0
-0.57137,9.086,0
 -0.57137,6.827,0
-0.57137,9.186,0
offset
0.004
-0.57137,6.927,0
-0.56737,6.927,0
 line -0.57137,6.927,0 -0.56737,6.927,0 
line -0.57137,9.086,0 -0.56737,9.086,0 
z e region w -0.58407,6.927,0 -0.55467,9.086,0 
extrude -0.57137,6.927,0  1.99363 0
0
-array -0.57137,6.927,0  R 1 1 


 z e
_zoom w -3.30074,6.927,0.55637 1.03726,9.03063,0.55637 spline
-1.13174,6.927,0.55637
-1.11904,6.9905,0.55637
-1.13174,7.054,0.55637
-1.14444,7.1175,0.55637
-1.13174,7.181,0.55637
-1.11904,7.2445,0.55637
-1.13174,7.308,0.55637
-1.14444,7.3715,0.55637
-1.13174,7.435,0.55637
-1.11904,7.4985,0.55637
-1.13174,7.562,0.55637
-1.14444,7.6255,0.55637
-1.13174,7.689,0.55637
-1.11904,7.7525,0.55637
-1.13174,7.816,0.55637
-1.14444,7.8795,0.55637
-1.13174,7.943,0.55637
-1.11904,8.0065,0.55637
-1.13174,8.07,0.55637
-1.14444,8.1335,0.55637
-1.13174,8.197,0.55637
-1.11904,8.2605,0.55637
-1.13174,8.324,0.55637
-1.14444,8.3875,0.55637
-1.13174,8.451,0.55637
-1.11904,8.5145,0.55637
-1.13174,8.578,0.55637
-1.14444,8.6415,0.55637
-1.13174,8.705,0.55637
-1.11904,8.7685,0.55637
-1.13174,8.832,0.55637
-1.14444,8.8955,0.55637
-1.13174,8.959,0.55637
-1.11904,9.0225,0.55637
-1.13174,9.086,0.55637
 -1.13174,6.827,0.55637
-1.13174,9.186,0.55637
offset
0.004
-1.13174,6.927,0.55637
-1.12774,6.927,0.55637
 line -1.13174,6.927,0.55637 -1.12774,6.927,0.55637 
line -1.13174,9.086,0.55637 -1.12774,9.086,0.55637 
z e region w -1.14444,6.927,0.55637 -1.11504,9.086,0.55637 
extrude -1.13174,6.927,0.55637  2.09363 0
0
-array -1.13174,6.927,0.55637  R 1 1 


 z e
_zoom w -3.86111,6.927,0 0.47689,8.93063,0 spline
-1.69211,6.927,0
-1.67941,6.9905,0
-1.69211,7.054,0
-1.70481,7.1175,0
-1.69211,7.181,0
-1.67941,7.2445,0
-1.69211,7.308,0
-1.70481,7.3715,0
-1.69211,7.435,0
-1.67941,7.4985,0
-1.69211,7.562,0
-1.70481,7.6255,0
-1.69211,7.689,0
-1.67941,7.7525,0
-1.69211,7.816,0
-1.70481,7.8795,0
-1.69211,7.943,0
-1.67941,8.0065,0
-1.69211,8.07,0
-1.70481,8.1335,0
-1.69211,8.197,0
-1.67941,8.2605,0
-1.69211,8.324,0
-1.70481,8.3875,0
-1.69211,8.451,0
-1.67941,8.5145,0
-1.69211,8.578,0
-1.70481,8.6415,0
-1.69211,8.705,0
-1.67941,8.7685,0
-1.69211,8.832,0
-1.70481,8.8955,0
-1.69211,8.959,0
-1.67941,9.0225,0
-1.69211,9.086,0
 -1.69211,6.827,0
-1.69211,9.186,0
offset
0.004
-1.69211,6.927,0
-1.68811,6.927,0
 line -1.69211,6.927,0 -1.68811,6.927,0 
line -1.69211,9.086,0 -1.68811,9.086,0 
z e region w -1.70481,6.927,0 -1.67541,9.086,0 
extrude -1.69211,6.927,0  1.99363 0
0
-array -1.69211,6.927,0  R 1 1 


 z e
_zoom w -4.42149,6.927,0.55637 -0.08349,9.03063,0.55637 spline
-2.25249,6.927,0.55637
-2.23979,6.9905,0.55637
-2.25249,7.054,0.55637
-2.26519,7.1175,0.55637
-2.25249,7.181,0.55637
-2.23979,7.2445,0.55637
-2.25249,7.308,0.55637
-2.26519,7.3715,0.55637
-2.25249,7.435,0.55637
-2.23979,7.4985,0.55637
-2.25249,7.562,0.55637
-2.26519,7.6255,0.55637
-2.25249,7.689,0.55637
-2.23979,7.7525,0.55637
-2.25249,7.816,0.55637
-2.26519,7.8795,0.55637
-2.25249,7.943,0.55637
-2.23979,8.0065,0.55637
-2.25249,8.07,0.55637
-2.26519,8.1335,0.55637
-2.25249,8.197,0.55637
-2.23979,8.2605,0.55637
-2.25249,8.324,0.55637
-2.26519,8.3875,0.55637
-2.25249,8.451,0.55637
-2.23979,8.5145,0.55637
-2.25249,8.578,0.55637
-2.26519,8.6415,0.55637
-2.25249,8.705,0.55637
-2.23979,8.7685,0.55637
-2.25249,8.832,0.55637
-2.26519,8.8955,0.55637
-2.25249,8.959,0.55637
-2.23979,9.0225,0.55637
-2.25249,9.086,0.55637
 -2.25249,6.827,0.55637
-2.25249,9.186,0.55637
offset
0.004
-2.25249,6.927,0.55637
-2.24849,6.927,0.55637
 line -2.25249,6.927,0.55637 -2.24849,6.927,0.55637 
line -2.25249,9.086,0.55637 -2.24849,9.086,0.55637 
z e region w -2.26519,6.927,0.55637 -2.23579,9.086,0.55637 
extrude -2.25249,6.927,0.55637  2.09363 0
0
-array -2.25249,6.927,0.55637  R 1 1 


 z e
_zoom w -4.98186,6.927,0 -0.64386,8.93063,0 spline
-2.81286,6.927,0
-2.80016,6.9905,0
-2.81286,7.054,0
-2.82556,7.1175,0
-2.81286,7.181,0
-2.80016,7.2445,0
-2.81286,7.308,0
-2.82556,7.3715,0
-2.81286,7.435,0
-2.80016,7.4985,0
-2.81286,7.562,0
-2.82556,7.6255,0
-2.81286,7.689,0
-2.80016,7.7525,0
-2.81286,7.816,0
-2.82556,7.8795,0
-2.81286,7.943,0
-2.80016,8.0065,0
-2.81286,8.07,0
-2.82556,8.1335,0
-2.81286,8.197,0
-2.80016,8.2605,0
-2.81286,8.324,0
-2.82556,8.3875,0
-2.81286,8.451,0
-2.80016,8.5145,0
-2.81286,8.578,0
-2.82556,8.6415,0
-2.81286,8.705,0
-2.80016,8.7685,0
-2.81286,8.832,0
-2.82556,8.8955,0
-2.81286,8.959,0
-2.80016,9.0225,0
-2.81286,9.086,0
 -2.81286,6.827,0
-2.81286,9.186,0
offset
0.004
-2.81286,6.927,0
-2.80886,6.927,0
 line -2.81286,6.927,0 -2.80886,6.927,0 
line -2.81286,9.086,0 -2.80886,9.086,0 
z e region w -2.82556,6.927,0 -2.79616,9.086,0 
extrude -2.81286,6.927,0  1.99363 0
0
-array -2.81286,6.927,0  R 1 1 


 z e
_zoom w -5.54223,6.927,0.55637 -1.20423,9.03063,0.55637 spline
-3.37323,6.927,0.55637
-3.36053,6.9905,0.55637
-3.37323,7.054,0.55637
-3.38593,7.1175,0.55637
-3.37323,7.181,0.55637
-3.36053,7.2445,0.55637
-3.37323,7.308,0.55637
-3.38593,7.3715,0.55637
-3.37323,7.435,0.55637
-3.36053,7.4985,0.55637
-3.37323,7.562,0.55637
-3.38593,7.6255,0.55637
-3.37323,7.689,0.55637
-3.36053,7.7525,0.55637
-3.37323,7.816,0.55637
-3.38593,7.8795,0.55637
-3.37323,7.943,0.55637
-3.36053,8.0065,0.55637
-3.37323,8.07,0.55637
-3.38593,8.1335,0.55637
-3.37323,8.197,0.55637
-3.36053,8.2605,0.55637
-3.37323,8.324,0.55637
-3.38593,8.3875,0.55637
-3.37323,8.451,0.55637
-3.36053,8.5145,0.55637
-3.37323,8.578,0.55637
-3.38593,8.6415,0.55637
-3.37323,8.705,0.55637
-3.36053,8.7685,0.55637
-3.37323,8.832,0.55637
-3.38593,8.8955,0.55637
-3.37323,8.959,0.55637
-3.36053,9.0225,0.55637
-3.37323,9.086,0.55637
 -3.37323,6.827,0.55637
-3.37323,9.186,0.55637
offset
0.004
-3.37323,6.927,0.55637
-3.36923,6.927,0.55637
 line -3.37323,6.927,0.55637 -3.36923,6.927,0.55637 
line -3.37323,9.086,0.55637 -3.36923,9.086,0.55637 
z e region w -3.38593,6.927,0.55637 -3.35653,9.086,0.55637 
extrude -3.37323,6.927,0.55637  2.09363 0
0
-array -3.37323,6.927,0.55637  R 1 1 


 z e
_zoom w -6.1026,6.927,0 -1.7646,8.93063,0 spline
-3.9336,6.927,0
-3.9209,6.9905,0
-3.9336,7.054,0
-3.9463,7.1175,0
-3.9336,7.181,0
-3.9209,7.2445,0
-3.9336,7.308,0
-3.9463,7.3715,0
-3.9336,7.435,0
-3.9209,7.4985,0
-3.9336,7.562,0
-3.9463,7.6255,0
-3.9336,7.689,0
-3.9209,7.7525,0
-3.9336,7.816,0
-3.9463,7.8795,0
-3.9336,7.943,0
-3.9209,8.0065,0
-3.9336,8.07,0
-3.9463,8.1335,0
-3.9336,8.197,0
-3.9209,8.2605,0
-3.9336,8.324,0
-3.9463,8.3875,0
-3.9336,8.451,0
-3.9209,8.5145,0
-3.9336,8.578,0
-3.9463,8.6415,0
-3.9336,8.705,0
-3.9209,8.7685,0
-3.9336,8.832,0
-3.9463,8.8955,0
-3.9336,8.959,0
-3.9209,9.0225,0
-3.9336,9.086,0
 -3.9336,6.827,0
-3.9336,9.186,0
offset
0.004
-3.9336,6.927,0
-3.9296,6.927,0
 line -3.9336,6.927,0 -3.9296,6.927,0 
line -3.9336,9.086,0 -3.9296,9.086,0 
z e region w -3.9463,6.927,0 -3.9169,9.086,0 
extrude -3.9336,6.927,0  1.99363 0
0
-array -3.9336,6.927,0  R 1 1 


 z e
_zoom w -6.66297,6.927,0.55637 -2.32497,9.03063,0.55637 spline
-4.49397,6.927,0.55637
-4.48127,6.9905,0.55637
-4.49397,7.054,0.55637
-4.50667,7.1175,0.55637
-4.49397,7.181,0.55637
-4.48127,7.2445,0.55637
-4.49397,7.308,0.55637
-4.50667,7.3715,0.55637
-4.49397,7.435,0.55637
-4.48127,7.4985,0.55637
-4.49397,7.562,0.55637
-4.50667,7.6255,0.55637
-4.49397,7.689,0.55637
-4.48127,7.7525,0.55637
-4.49397,7.816,0.55637
-4.50667,7.8795,0.55637
-4.49397,7.943,0.55637
-4.48127,8.0065,0.55637
-4.49397,8.07,0.55637
-4.50667,8.1335,0.55637
-4.49397,8.197,0.55637
-4.48127,8.2605,0.55637
-4.49397,8.324,0.55637
-4.50667,8.3875,0.55637
-4.49397,8.451,0.55637
-4.48127,8.5145,0.55637
-4.49397,8.578,0.55637
-4.50667,8.6415,0.55637
-4.49397,8.705,0.55637
-4.48127,8.7685,0.55637
-4.49397,8.832,0.55637
-4.50667,8.8955,0.55637
-4.49397,8.959,0.55637
-4.48127,9.0225,0.55637
-4.49397,9.086,0.55637
 -4.49397,6.827,0.55637
-4.49397,9.186,0.55637
offset
0.004
-4.49397,6.927,0.55637
-4.48997,6.927,0.55637
 line -4.49397,6.927,0.55637 -4.48997,6.927,0.55637 
line -4.49397,9.086,0.55637 -4.48997,9.086,0.55637 
z e region w -4.50667,6.927,0.55637 -4.47727,9.086,0.55637 
extrude -4.49397,6.927,0.55637  2.09363 0
0
-array -4.49397,6.927,0.55637  R 1 1 


 z e
_zoom w -7.22334,6.927,0 -2.88534,8.93063,0 spline
-5.05434,6.927,0
-5.04164,6.9905,0
-5.05434,7.054,0
-5.06704,7.1175,0
-5.05434,7.181,0
-5.04164,7.2445,0
-5.05434,7.308,0
-5.06704,7.3715,0
-5.05434,7.435,0
-5.04164,7.4985,0
-5.05434,7.562,0
-5.06704,7.6255,0
-5.05434,7.689,0
-5.04164,7.7525,0
-5.05434,7.816,0
-5.06704,7.8795,0
-5.05434,7.943,0
-5.04164,8.0065,0
-5.05434,8.07,0
-5.06704,8.1335,0
-5.05434,8.197,0
-5.04164,8.2605,0
-5.05434,8.324,0
-5.06704,8.3875,0
-5.05434,8.451,0
-5.04164,8.5145,0
-5.05434,8.578,0
-5.06704,8.6415,0
-5.05434,8.705,0
-5.04164,8.7685,0
-5.05434,8.832,0
-5.06704,8.8955,0
-5.05434,8.959,0
-5.04164,9.0225,0
-5.05434,9.086,0
 -5.05434,6.827,0
-5.05434,9.186,0
offset
0.004
-5.05434,6.927,0
-5.05034,6.927,0
 line -5.05434,6.927,0 -5.05034,6.927,0 
line -5.05434,9.086,0 -5.05034,9.086,0 
z e region w -5.06704,6.927,0 -5.03764,9.086,0 
extrude -5.05434,6.927,0  1.99363 0
0
-array -5.05434,6.927,0  R 1 1 


 z e
_zoom w -7.78371,6.927,0.55637 -3.44571,9.03063,0.55637 spline
-5.61471,6.927,0.55637
-5.60201,6.9905,0.55637
-5.61471,7.054,0.55637
-5.62741,7.1175,0.55637
-5.61471,7.181,0.55637
-5.60201,7.2445,0.55637
-5.61471,7.308,0.55637
-5.62741,7.3715,0.55637
-5.61471,7.435,0.55637
-5.60201,7.4985,0.55637
-5.61471,7.562,0.55637
-5.62741,7.6255,0.55637
-5.61471,7.689,0.55637
-5.60201,7.7525,0.55637
-5.61471,7.816,0.55637
-5.62741,7.8795,0.55637
-5.61471,7.943,0.55637
-5.60201,8.0065,0.55637
-5.61471,8.07,0.55637
-5.62741,8.1335,0.55637
-5.61471,8.197,0.55637
-5.60201,8.2605,0.55637
-5.61471,8.324,0.55637
-5.62741,8.3875,0.55637
-5.61471,8.451,0.55637
-5.60201,8.5145,0.55637
-5.61471,8.578,0.55637
-5.62741,8.6415,0.55637
-5.61471,8.705,0.55637
-5.60201,8.7685,0.55637
-5.61471,8.832,0.55637
-5.62741,8.8955,0.55637
-5.61471,8.959,0.55637
-5.60201,9.0225,0.55637
-5.61471,9.086,0.55637
 -5.61471,6.827,0.55637
-5.61471,9.186,0.55637
offset
0.004
-5.61471,6.927,0.55637
-5.61071,6.927,0.55637
 line -5.61471,6.927,0.55637 -5.61071,6.927,0.55637 
line -5.61471,9.086,0.55637 -5.61071,9.086,0.55637 
z e region w -5.62741,6.927,0.55637 -5.59801,9.086,0.55637 
extrude -5.61471,6.927,0.55637  2.09363 0
0
-array -5.61471,6.927,0.55637  R 1 1 


 z e
_zoom w -8.34408,6.927,0 -4.00608,8.93063,0 spline
-6.17508,6.927,0
-6.16238,6.9905,0
-6.17508,7.054,0
-6.18778,7.1175,0
-6.17508,7.181,0
-6.16238,7.2445,0
-6.17508,7.308,0
-6.18778,7.3715,0
-6.17508,7.435,0
-6.16238,7.4985,0
-6.17508,7.562,0
-6.18778,7.6255,0
-6.17508,7.689,0
-6.16238,7.7525,0
-6.17508,7.816,0
-6.18778,7.8795,0
-6.17508,7.943,0
-6.16238,8.0065,0
-6.17508,8.07,0
-6.18778,8.1335,0
-6.17508,8.197,0
-6.16238,8.2605,0
-6.17508,8.324,0
-6.18778,8.3875,0
-6.17508,8.451,0
-6.16238,8.5145,0
-6.17508,8.578,0
-6.18778,8.6415,0
-6.17508,8.705,0
-6.16238,8.7685,0
-6.17508,8.832,0
-6.18778,8.8955,0
-6.17508,8.959,0
-6.16238,9.0225,0
-6.17508,9.086,0
 -6.17508,6.827,0
-6.17508,9.186,0
offset
0.004
-6.17508,6.927,0
-6.17108,6.927,0
 line -6.17508,6.927,0 -6.17108,6.927,0 
line -6.17508,9.086,0 -6.17108,9.086,0 
z e region w -6.18778,6.927,0 -6.15838,9.086,0 
extrude -6.17508,6.927,0  1.99363 0
0
-array -6.17508,6.927,0  R 1 1 


 z e
_zoom w -8.90446,6.927,0.55637 -4.56646,9.03063,0.55637 spline
-6.73546,6.927,0.55637
-6.72276,6.9905,0.55637
-6.73546,7.054,0.55637
-6.74816,7.1175,0.55637
-6.73546,7.181,0.55637
-6.72276,7.2445,0.55637
-6.73546,7.308,0.55637
-6.74816,7.3715,0.55637
-6.73546,7.435,0.55637
-6.72276,7.4985,0.55637
-6.73546,7.562,0.55637
-6.74816,7.6255,0.55637
-6.73546,7.689,0.55637
-6.72276,7.7525,0.55637
-6.73546,7.816,0.55637
-6.74816,7.8795,0.55637
-6.73546,7.943,0.55637
-6.72276,8.0065,0.55637
-6.73546,8.07,0.55637
-6.74816,8.1335,0.55637
-6.73546,8.197,0.55637
-6.72276,8.2605,0.55637
-6.73546,8.324,0.55637
-6.74816,8.3875,0.55637
-6.73546,8.451,0.55637
-6.72276,8.5145,0.55637
-6.73546,8.578,0.55637
-6.74816,8.6415,0.55637
-6.73546,8.705,0.55637
-6.72276,8.7685,0.55637
-6.73546,8.832,0.55637
-6.74816,8.8955,0.55637
-6.73546,8.959,0.55637
-6.72276,9.0225,0.55637
-6.73546,9.086,0.55637
 -6.73546,6.827,0.55637
-6.73546,9.186,0.55637
offset
0.004
-6.73546,6.927,0.55637
-6.73146,6.927,0.55637
 line -6.73546,6.927,0.55637 -6.73146,6.927,0.55637 
line -6.73546,9.086,0.55637 -6.73146,9.086,0.55637 
z e region w -6.74816,6.927,0.55637 -6.71876,9.086,0.55637 
extrude -6.73546,6.927,0.55637  2.09363 0
0
-array -6.73546,6.927,0.55637  R 1 1 


 z e
_zoom w -9.46483,6.927,0 -5.12683,8.93063,0 spline
-7.29583,6.927,0
-7.28313,6.9905,0
-7.29583,7.054,0
-7.30853,7.1175,0
-7.29583,7.181,0
-7.28313,7.2445,0
-7.29583,7.308,0
-7.30853,7.3715,0
-7.29583,7.435,0
-7.28313,7.4985,0
-7.29583,7.562,0
-7.30853,7.6255,0
-7.29583,7.689,0
-7.28313,7.7525,0
-7.29583,7.816,0
-7.30853,7.8795,0
-7.29583,7.943,0
-7.28313,8.0065,0
-7.29583,8.07,0
-7.30853,8.1335,0
-7.29583,8.197,0
-7.28313,8.2605,0
-7.29583,8.324,0
-7.30853,8.3875,0
-7.29583,8.451,0
-7.28313,8.5145,0
-7.29583,8.578,0
-7.30853,8.6415,0
-7.29583,8.705,0
-7.28313,8.7685,0
-7.29583,8.832,0
-7.30853,8.8955,0
-7.29583,8.959,0
-7.28313,9.0225,0
-7.29583,9.086,0
 -7.29583,6.827,0
-7.29583,9.186,0
offset
0.004
-7.29583,6.927,0
-7.29183,6.927,0
 line -7.29583,6.927,0 -7.29183,6.927,0 
line -7.29583,9.086,0 -7.29183,9.086,0 
z e region w -7.30853,6.927,0 -7.27913,9.086,0 
extrude -7.29583,6.927,0  1.99363 0
0
-array -7.29583,6.927,0  R 1 1 


 z e
_zoom w -10.0252,6.927,0.55637 -5.6872,9.03063,0.55637 spline
-7.8562,6.927,0.55637
-7.8435,6.9905,0.55637
-7.8562,7.054,0.55637
-7.8689,7.1175,0.55637
-7.8562,7.181,0.55637
-7.8435,7.2445,0.55637
-7.8562,7.308,0.55637
-7.8689,7.3715,0.55637
-7.8562,7.435,0.55637
-7.8435,7.4985,0.55637
-7.8562,7.562,0.55637
-7.8689,7.6255,0.55637
-7.8562,7.689,0.55637
-7.8435,7.7525,0.55637
-7.8562,7.816,0.55637
-7.8689,7.8795,0.55637
-7.8562,7.943,0.55637
-7.8435,8.0065,0.55637
-7.8562,8.07,0.55637
-7.8689,8.1335,0.55637
-7.8562,8.197,0.55637
-7.8435,8.2605,0.55637
-7.8562,8.324,0.55637
-7.8689,8.3875,0.55637
-7.8562,8.451,0.55637
-7.8435,8.5145,0.55637
-7.8562,8.578,0.55637
-7.8689,8.6415,0.55637
-7.8562,8.705,0.55637
-7.8435,8.7685,0.55637
-7.8562,8.832,0.55637
-7.8689,8.8955,0.55637
-7.8562,8.959,0.55637
-7.8435,9.0225,0.55637
-7.8562,9.086,0.55637
 -7.8562,6.827,0.55637
-7.8562,9.186,0.55637
offset
0.004
-7.8562,6.927,0.55637
-7.8522,6.927,0.55637
 line -7.8562,6.927,0.55637 -7.8522,6.927,0.55637 
line -7.8562,9.086,0.55637 -7.8522,9.086,0.55637 
z e region w -7.8689,6.927,0.55637 -7.8395,9.086,0.55637 
extrude -7.8562,6.927,0.55637  2.09363 0
0
-array -7.8562,6.927,0.55637  R 1 1 


 z e
_zoom w -10.58557,6.927,0 -6.24757,8.93063,0 spline
-8.41657,6.927,0
-8.40387,6.9905,0
-8.41657,7.054,0
-8.42927,7.1175,0
-8.41657,7.181,0
-8.40387,7.2445,0
-8.41657,7.308,0
-8.42927,7.3715,0
-8.41657,7.435,0
-8.40387,7.4985,0
-8.41657,7.562,0
-8.42927,7.6255,0
-8.41657,7.689,0
-8.40387,7.7525,0
-8.41657,7.816,0
-8.42927,7.8795,0
-8.41657,7.943,0
-8.40387,8.0065,0
-8.41657,8.07,0
-8.42927,8.1335,0
-8.41657,8.197,0
-8.40387,8.2605,0
-8.41657,8.324,0
-8.42927,8.3875,0
-8.41657,8.451,0
-8.40387,8.5145,0
-8.41657,8.578,0
-8.42927,8.6415,0
-8.41657,8.705,0
-8.40387,8.7685,0
-8.41657,8.832,0
-8.42927,8.8955,0
-8.41657,8.959,0
-8.40387,9.0225,0
-8.41657,9.086,0
 -8.41657,6.827,0
-8.41657,9.186,0
offset
0.004
-8.41657,6.927,0
-8.41257,6.927,0
 line -8.41657,6.927,0 -8.41257,6.927,0 
line -8.41657,9.086,0 -8.41257,9.086,0 
z e region w -8.42927,6.927,0 -8.39987,9.086,0 
extrude -8.41657,6.927,0  1.99363 0
0
-array -8.41657,6.927,0  R 1 1 


 z e
_zoom w -11.14594,6.927,0.55637 -6.80794,9.03063,0.55637 spline
-8.97694,6.927,0.55637
-8.96424,6.9905,0.55637
-8.97694,7.054,0.55637
-8.98964,7.1175,0.55637
-8.97694,7.181,0.55637
-8.96424,7.2445,0.55637
-8.97694,7.308,0.55637
-8.98964,7.3715,0.55637
-8.97694,7.435,0.55637
-8.96424,7.4985,0.55637
-8.97694,7.562,0.55637
-8.98964,7.6255,0.55637
-8.97694,7.689,0.55637
-8.96424,7.7525,0.55637
-8.97694,7.816,0.55637
-8.98964,7.8795,0.55637
-8.97694,7.943,0.55637
-8.96424,8.0065,0.55637
-8.97694,8.07,0.55637
-8.98964,8.1335,0.55637
-8.97694,8.197,0.55637
-8.96424,8.2605,0.55637
-8.97694,8.324,0.55637
-8.98964,8.3875,0.55637
-8.97694,8.451,0.55637
-8.96424,8.5145,0.55637
-8.97694,8.578,0.55637
-8.98964,8.6415,0.55637
-8.97694,8.705,0.55637
-8.96424,8.7685,0.55637
-8.97694,8.832,0.55637
-8.98964,8.8955,0.55637
-8.97694,8.959,0.55637
-8.96424,9.0225,0.55637
-8.97694,9.086,0.55637
 -8.97694,6.827,0.55637
-8.97694,9.186,0.55637
offset
0.004
-8.97694,6.927,0.55637
-8.97294,6.927,0.55637
 line -8.97694,6.927,0.55637 -8.97294,6.927,0.55637 
line -8.97694,9.086,0.55637 -8.97294,9.086,0.55637 
z e region w -8.98964,6.927,0.55637 -8.96024,9.086,0.55637 
extrude -8.97694,6.927,0.55637  2.09363 0
0
-array -8.97694,6.927,0.55637  R 1 1 


 z e
-layer s 0
  
-layer f baffle
  
